Name	Coefficient	Coefficient_std_error	Coefficient_P_value
Cluster273	2.5518452005201274e-08	5.002929125846738e-09	1.6919775053595602e-07
Cluster287	2.6146999906322814e-08	5.4976150721962415e-09	9.87027751014771e-07
Cluster188	2.390140717311767e-08	5.059990278561108e-09	1.1584879338367114e-06
Cluster272	2.629093178399577e-08	5.628861410013633e-09	1.5006042781022838e-06
Cluster270	2.6963994031032852e-08	5.899480380968408e-09	2.431985287560249e-06
Cluster403	2.5622154005171476e-08	5.7872153294067646e-09	4.769411352766475e-06
Cluster269	2.4819332833441058e-08	5.805441022532503e-09	9.54894366855681e-06
Cluster228	2.4426707738622448e-08	5.780729871390665e-09	1.1918401529123763e-05
Cluster404	2.566740851299179e-08	6.090676693759049e-09	1.2532536304431592e-05
Cluster240	2.5646505321619835e-08	6.246062889150181e-09	2.0126088391599853e-05
Cluster233	2.395088854312351e-08	5.902083757801442e-09	2.4743208171417506e-05
Cluster217	2.4139023284729565e-08	5.962062361315355e-09	2.574368127676668e-05
Cluster275	2.2830835536633516e-08	5.669881367445144e-09	2.8284170496276428e-05
Cluster242	2.278806739382602e-08	5.6703533242930445e-09	2.9246521938921978e-05
Cluster274	2.3544734727680428e-08	5.897376575757568e-09	3.2702825231709545e-05
Cluster241	2.490597288911196e-08	6.381566239691665e-09	4.75432534054182e-05
Cluster179	2.586536757275928e-08	6.754379383548333e-09	6.422234824042879e-05
Cluster231	2.36281164761803e-08	6.227518409420374e-09	7.407612653382622e-05
Cluster250	2.172193042781152e-08	5.798446326686446e-09	8.977964216848329e-05
Cluster239	2.3100801156516828e-08	6.212878109788179e-09	0.00010031872536225242
Cluster178	1.8484546944088256e-08	5.1010497995989736e-09	0.00014522322969854574
Cluster243	2.3329235921402717e-08	6.538767037215381e-09	0.00017997214585743418
Cluster271	1.9423641589359e-08	5.509291033876158e-09	0.00021124998814613837
Cluster286	2.0026152730547228e-08	5.731961191102203e-09	0.0002381257699283582
Cluster229	2.067982622040716e-08	5.976077182207433e-09	0.0002696517788856893
Cluster281	2.1042377385444932e-08	6.116471603505193e-09	0.0002905558982884166
Cluster167	2.331407833048732e-08	6.79962978186246e-09	0.0003032089134664348
Cluster282	1.9701382838583772e-08	5.750083464723933e-09	0.0003059571917879083
Cluster123	2.39173255691004e-08	7.059709504918658e-09	0.00035219774921357513
Cluster296	2.241863487870849e-08	6.6279791537461544e-09	0.00035924595096602333
Cluster288	1.9887269799094153e-08	5.923225017328061e-09	0.0003932436781971599
Cluster202	1.65721669629849e-08	5.047641074851592e-09	0.0005132686365597198
Cluster227	1.9713555826601584e-08	6.010126162957388e-09	0.0005189307515610521
Cluster254	2.1865448045056235e-08	6.715110938055819e-09	0.000564658638216949
Cluster249	1.9488466791135614e-08	6.107484936444441e-09	0.0007091143888387047
Cluster251	1.99996912232275e-08	6.27325432167354e-09	0.0007160829793058132
Cluster122	2.1791577375040353e-08	6.840122006110562e-09	0.0007216562699926084
Cluster252	2.091666374484457e-08	6.650540623873806e-09	0.0008301296727916669
Cluster289	1.8188523263650458e-08	5.788106953274169e-09	0.0008378565883024049
Cluster225	1.8024208791191585e-08	5.89475737485311e-09	0.001115334209966972
Cluster253	2.0014964546725065e-08	6.7682566680554185e-09	0.0015523256961639622
Cluster206	1.7713137881094182e-08	6.036467774076791e-09	0.0016712097603216567
Cluster283	1.8285037741896806e-08	6.23509983723243e-09	0.001680697189773605
Cluster230	1.7433096865138825e-08	6.0530913068297745e-09	0.0019881738379341576
Cluster245	1.8446033766643276e-08	6.571450361194246e-09	0.0025002944443657553
Cluster222	1.6110319080419802e-08	5.752164790018183e-09	0.002549277496453882
Cluster200	1.5412413537113407e-08	5.601771531362522e-09	0.0029675429506081418
Cluster277	1.721847864800415e-08	6.295230289641332e-09	0.0031174731344066073
Cluster207	1.8064530006655564e-08	6.66547634618014e-09	0.003362503481782933
Cluster284	1.6252884181694615e-08	6.01247045867722e-09	0.003433815124319254
Cluster234	1.5198189899596598e-08	5.623741503213592e-09	0.003440956790350127
Cluster279	1.7263974630313106e-08	6.398570886867624e-09	0.003486839958733843
Cluster149	1.839274199368467e-08	6.895881279451252e-09	0.0038242287340004054
Cluster226	1.4868292554474395e-08	5.624728191606181e-09	0.004104145917565218
Cluster311	1.5594666652401195e-08	5.948632736851601e-09	0.004376484562827492
Cluster268	1.6196400876819053e-08	6.194687342217395e-09	0.004467082941452176
Cluster260	1.469935085381842e-08	5.745123373745981e-09	0.0052550499006523655
Cluster262	1.4287159552032857e-08	5.666512570280649e-09	0.005845574137192395
Cluster146	1.6516946733018032e-08	6.6112334194766785e-09	0.006239254506688353
Cluster177	1.5087912487733116e-08	6.054569929844853e-09	0.006351525678564093
Cluster280	1.5431431866890225e-08	6.193150124397316e-09	0.006356784866281268
Cluster113	1.9350418838733684e-08	7.792516167080341e-09	0.00651029781949372
Cluster150	1.7272973737001402e-08	6.984869583315647e-09	0.006700841023145014
Cluster290	1.494433395234618e-08	6.057384207496623e-09	0.0068101088685143885
Cluster110	1.5580100033409375e-08	6.386790077770969e-09	0.007355313148208529
Cluster223	1.3813980225563899e-08	5.6673262776315715e-09	0.007395067529974817
Cluster261	1.2738675764497739e-08	5.3457575743985326e-09	0.008587251411350813
Cluster439	1.3948079918731097e-08	5.891611824175543e-09	0.008955637766382217
Cluster426	1.4596445118488005e-08	6.204836392786935e-09	0.00932559251060167
Cluster124	1.5416402834562458e-08	6.559920621475255e-09	0.009384440050626653
Cluster108	1.2705662058964031e-08	5.4812092344535136e-09	0.010223574591930382
Cluster237	1.385502931138523e-08	6.005984647640655e-09	0.010531017927440557
Cluster295	1.492397519365832e-08	6.472068168299165e-09	0.010557966953397531
Cluster151	1.4438572331481957e-08	6.280618778667019e-09	0.010755047762576466
Cluster248	1.6303141498805807e-08	7.190942615051791e-09	0.011689700018533034
Cluster129	1.713538609341033e-08	7.595711400055166e-09	0.01203753706173772
Cluster208	1.5004225264232645e-08	6.732575607627997e-09	0.012920229598580907
Cluster125	1.492844831831402e-08	6.734113102884188e-09	0.01331702860878932
Cluster278	1.3059369830802878e-08	5.929679995540089e-09	0.013819469611547822
Cluster266	1.1884422876243409e-08	5.467099633322754e-09	0.014859792785181139
Cluster310	1.3402815899181426e-08	6.198399493877872e-09	0.015297426263146126
Cluster224	1.20789866088468e-08	5.643699113213682e-09	0.01616685782699372
Cluster405	1.447748237015446e-08	6.819503660253719e-09	0.01687891605342567
Cluster256	1.0862885390528437e-08	5.11698678420609e-09	0.01688083658058297
Cluster265	1.14007380634143e-08	5.407194291965541e-09	0.017496527073946996
Cluster259	1.3485856232811224e-08	6.418552987066627e-09	0.01781722561562237
Cluster212	1.4224875428425322e-08	6.804132999199685e-09	0.018280946145676675
Cluster155	1.2377703789730253e-08	5.939214971024532e-09	0.0185771755070047
Cluster221	1.175446935583487e-08	5.660124129813207e-09	0.018913897538404733
Cluster401	1.1515245963112747e-08	5.619875595963088e-09	0.020230005959703288
Cluster293	1.263255915912623e-08	6.200032839540948e-09	0.020800043550741592
Cluster210	1.2718134464064088e-08	6.3544058817071776e-09	0.02267103663934716
Cluster216	1.1657036646190619e-08	5.896421486451133e-09	0.024022623210692255
Cluster115	1.1872733505345503e-08	6.0230266032160036e-09	0.024349140277710107
Cluster117	1.3377955156464417e-08	6.863722724524299e-09	0.025642844795964865
Cluster437	1.0774841575869934e-08	5.5717212874822426e-09	0.02656613574480515
Cluster434	1.1667118854453852e-08	6.1107144436392616e-09	0.02811242097610047
Cluster147	1.3359456515966658e-08	7.012100651512316e-09	0.02837701728993895
Cluster132	1.4024359255686903e-08	7.409086746018272e-09	0.02918828697881136
Cluster109	1.0702609303907869e-08	5.716964677234001e-09	0.030597839981474417
Cluster263	1.0339843198349151e-08	5.544822712437282e-09	0.031106519675310015
Cluster343	1.2193328901716306e-08	6.581690342637099e-09	0.03196888237304662
Cluster429	9.97052926901112e-09	5.476798336304902e-09	0.03434119952453861
Cluster258	1.0265639913429918e-08	5.655407549987981e-09	0.034747348694819845
Cluster456	1.0294469255201827e-08	5.719144639315545e-09	0.035930196191488954
Cluster307	9.10567862336405e-09	5.066254088942372e-09	0.03614243486230973
Cluster156	1.1143266247797563e-08	6.242072574388334e-09	0.037115502288029824
Cluster292	1.0739932491113902e-08	6.060835851515835e-09	0.038195479737352836
Cluster312	1.0623822179392864e-08	6.169214651284074e-09	0.042528379694286134
Cluster152	1.0694312286609132e-08	6.256492038019893e-09	0.04369635845795862
Cluster294	1.1062566885805479e-08	6.499588763271247e-09	0.044373836627776005
Cluster106	1.2067686576391437e-08	7.1771851042629164e-09	0.04634306168561782
Cluster264	9.614471559509602e-09	5.7374442242708495e-09	0.04689444988346077
Cluster119	1.1251416529841232e-08	6.762400587883978e-09	0.04807421503446265
Cluster218	8.8063100013099e-09	5.420834728797008e-09	0.052131344789774686
Cluster440	9.11376697035264e-09	5.638851543634465e-09	0.05302065048325052
Cluster118	1.1152362169192655e-08	6.908267946691729e-09	0.053225768233281255
Cluster220	1.0236580481454475e-08	6.388124816735434e-09	0.0545292808437532
Cluster255	9.756036999871663e-09	6.095375351684578e-09	0.05473678519713883
Cluster201	9.159626954607335e-09	5.800767134519681e-09	0.057163765093401826
Cluster203	9.144570677232064e-09	5.800903226472225e-09	0.05746629155960032
Cluster309	9.287773996565264e-09	5.922502214123278e-09	0.05841514394773555
Cluster267	9.60246395390065e-09	6.251134373779494e-09	0.06225503653708149
Cluster116	1.0337795318051353e-08	6.734198467386537e-09	0.06237731274836661
Cluster133	1.1098049757536634e-08	7.320836850334047e-09	0.06476552930251768
Cluster98	9.614784556068576e-09	6.344884703668845e-09	0.06484062923344541
Cluster131	1.0812447120020894e-08	7.1406995392327895e-09	0.06498756302435572
Cluster121	1.0764023641911884e-08	7.143800121695016e-09	0.06593552995910634
Cluster444	7.936231936849525e-09	5.328718640885521e-09	0.06819996416784792
Cluster300	8.303789670408833e-09	5.66591679373977e-09	0.07138292716195124
Cluster423	9.370542081068823e-09	6.428341956196352e-09	0.0724627410651036
Cluster120	9.93733744525436e-09	6.82942326692439e-09	0.07282395816242876
Cluster185	9.041761757332316e-09	6.285257415236871e-09	0.07513666930469842
Cluster428	8.437456574979854e-09	5.971608826973247e-09	0.07883836741956929
Cluster306	7.368653239188267e-09	5.296714931517026e-09	0.08208630206383838
Cluster141	9.563819316980798e-09	6.997307597515766e-09	0.08584625762459913
Cluster436	7.601732547555015e-09	5.609211716390198e-09	0.08767326462514052
Cluster148	9.399155939331098e-09	7.021126248346047e-09	0.09033477580448196
Cluster427	6.647510915704836e-09	5.016915290841277e-09	0.09258233112170144
Cluster193	7.768180014715497e-09	5.896247101951305e-09	0.09383910672437429
Cluster232	7.415635555293953e-09	5.650938795593487e-09	0.09471219448722601
Cluster304	7.583226739523631e-09	5.8341798304995394e-09	0.09683594399735151
Cluster285	8.028656122527327e-09	6.210728266090468e-09	0.09805609042380431
Cluster291	7.42767481406027e-09	5.764068857488155e-09	0.09876570472051499
Cluster135	8.984738951111757e-09	7.007762282366591e-09	0.09990160903960155
Cluster2	1.0185618884838713e-08	7.959094078323514e-09	0.10031723881672688
Cluster406	7.80333194038284e-09	6.121460213957522e-09	0.10119885620607844
Cluster219	7.078984682393428e-09	5.559047518857532e-09	0.10143508375284671
Cluster153	8.506363028458861e-09	6.753443260090289e-09	0.10391417236939554
Cluster244	7.788469650578924e-09	6.234589166808454e-09	0.10578948924117804
Cluster435	7.078392828197167e-09	5.680357240402767e-09	0.10636062194849172
Cluster433	6.756920405360927e-09	5.492683107411145e-09	0.10931718831081821
Cluster438	6.739709298041815e-09	5.509285309856748e-09	0.1106013307386578
Cluster180	8.092006990896837e-09	6.639421851921644e-09	0.11146349694648766
Cluster136	8.439574935697894e-09	6.929313149837578e-09	0.1116209937687399
Cluster209	7.490869510022513e-09	6.308714085811539e-09	0.11753798960388656
Cluster441	6.775597119236598e-09	5.810570214122261e-09	0.12179079346066768
Cluster446	6.530349874796317e-09	5.611289065115464e-09	0.12225500444560627
Cluster305	5.615849896597711e-09	4.99948894425142e-09	0.13065828041949656
Cluster139	6.934487382022704e-09	6.2040607892016865e-09	0.13184038770173223
Cluster140	7.675357142668855e-09	7.0755990082430355e-09	0.1390130324196242
Cluster163	6.291197371116699e-09	5.8810778712407465e-09	0.14236920667456776
Cluster99	6.674352914513079e-09	6.359132007601454e-09	0.14695797382391218
Cluster204	6.3038239984909015e-09	6.0180090338337055e-09	0.14743606585536972
Cluster100	6.4106721563544346e-09	6.122433074389055e-09	0.1475315322016939
Cluster164	5.895263167436246e-09	5.715534661478358e-09	0.15116594951113338
Cluster298	6.006691505032105e-09	5.869832379649656e-09	0.1530793065174248
Cluster168	6.2029793511354016e-09	6.223062006929769e-09	0.15943738590208906
Cluster93	6.131910375082171e-09	6.358214482925945e-09	0.16742080649897623
Cluster194	6.521377715331168e-09	6.7786739129688835e-09	0.1680139308263901
Cluster452	5.856496313332117e-09	6.291148374957866e-09	0.17594992168564294
Cluster137	5.681620525460802e-09	6.1228941627657525e-09	0.17672179903729152
Cluster430	5.9939887351176356e-09	6.607817793494793e-09	0.1821754700619566
Cluster161	5.659042583775128e-09	6.4034768487551884e-09	0.18841685961258214
Cluster447	5.399038301836792e-09	6.115130851525636e-09	0.18864562573900517
Cluster104	6.045754388104963e-09	6.901469972018796e-09	0.19051239018682903
Cluster172	5.458044877214605e-09	6.366696188827773e-09	0.19564492462789135
Cluster126	5.429773539478371e-09	6.453336431226176e-09	0.20006470819840516
Cluster107	4.850187913817384e-09	5.779520905952297e-09	0.20067786559153916
Cluster386	4.557948815719286e-09	5.445929763890799e-09	0.20131147738899208
Cluster371	5.257141323162528e-09	6.293226359600263e-09	0.20175610221548274
Cluster157	5.042900819327959e-09	6.052329589500925e-09	0.2023613219767969
Cluster85	5.594729191805313e-09	6.787943372034566e-09	0.2049085167167672
Cluster114	5.5673567686762145e-09	6.857493595524534e-09	0.20843464474768475
Cluster213	4.8177416755575574e-09	6.045701586881105e-09	0.21275829836533744
Cluster134	5.367507169513394e-09	6.946174304326652e-09	0.21984152449027522
Cluster445	4.81680236121671e-09	6.41822583025223e-09	0.22648038225985817
Cluster162	4.948291920241205e-09	6.624819164846296e-09	0.22755219078991973
Cluster420	4.3544509338747355e-09	5.8453496111625875e-09	0.2281531587881167
Cluster41	4.1023343744880194e-09	5.597304877860289e-09	0.23180591768102382
Cluster173	4.535867587027864e-09	6.284886595917159e-09	0.2352362944637787
Cluster103	4.718521358159592e-09	6.625220089740683e-09	0.23816861762356667
Cluster238	4.149202566606971e-09	5.882039082883462e-09	0.24028002694064265
Cluster247	4.337208197439081e-09	6.1687540053039415e-09	0.2409988750166629
Cluster90	4.577519566681691e-09	6.5285761022597315e-09	0.24160430177930214
Cluster347	4.230673220763242e-09	6.035003790857604e-09	0.24164449845934965
Cluster195	4.148374899675469e-09	6.047231154006617e-09	0.24635789272185749
Cluster364	4.199920986812574e-09	6.1493085778957266e-09	0.2473063381698853
Cluster138	4.522597940093696e-09	6.8984517907980955e-09	0.2560420247573061
Cluster159	3.9514466585179e-09	6.235077930971641e-09	0.2631237728873834
Cluster363	3.8076258791228795e-09	6.055362540598814e-09	0.26473924778777236
Cluster257	3.128594292098537e-09	5.411372119632906e-09	0.281580833572607
Cluster424	3.0396973205259775e-09	5.2926506021559115e-09	0.2828742181625715
Cluster154	3.914397307689357e-09	6.872542214986039e-09	0.28448452066482244
Cluster334	3.344775996620605e-09	6.1261478581932725e-09	0.2925386201255221
Cluster205	2.826823923676091e-09	5.5170947465032795e-09	0.30419413338568124
Cluster199	2.9144024576024166e-09	5.900215072081054e-09	0.31067127111347115
Cluster158	3.2604283541211705e-09	6.60958978703009e-09	0.3109047119443084
Cluster344	2.665072568220413e-09	5.530038965031532e-09	0.3149290643788276
Cluster214	2.9663513740384516e-09	6.1685017704751625e-09	0.31529846030310726
Cluster175	2.9725916011044363e-09	6.262740593934449e-09	0.3175192679277918
Cluster372	3.3543202143586772e-09	7.0928747290401135e-09	0.3181372452949671
Cluster130	3.3433746433813818e-09	7.4276841239935654e-09	0.3263107222374366
Cluster40	2.5315541744920847e-09	5.6664270899337725e-09	0.32752282625618545
Cluster144	2.900932326259713e-09	6.522305422249874e-09	0.3282426257086853
Cluster425	2.764683281513313e-09	6.276243597914172e-09	0.32978762286411734
Cluster374	3.1747795712048142e-09	7.35219806863272e-09	0.33293842460541145
Cluster101	2.705161420497243e-09	6.287310686518404e-09	0.33350423646494093
Cluster86	2.5641467827881262e-09	6.227581865127576e-09	0.3402648706050442
Cluster111	2.4946826941331813e-09	6.090962112125824e-09	0.3410602615999795
Cluster97	2.7057329273067975e-09	6.62674837088478e-09	0.341524971216748
Cluster160	2.3957346937826824e-09	6.033294098025972e-09	0.3456521394520551
Cluster348	2.2559584594943167e-09	5.7547692442069e-09	0.34752339879689054
Cluster84	2.262499852484191e-09	5.868766157156806e-09	0.34992779193664586
Cluster211	2.4545895848343343e-09	6.442563893752721e-09	0.3516031940359285
Cluster442	1.9800250905977378e-09	5.330316845534626e-09	0.35514568379714184
Cluster189	2.3205984248508378e-09	6.3098541710414595e-09	0.3565209899487094
Cluster83	2.574889806103723e-09	7.046501274192497e-09	0.3574012178699101
Cluster338	2.1490384269186473e-09	5.916376593521916e-09	0.3582144591125282
Cluster51	2.0312535858222355e-09	5.670123452787792e-09	0.36008261250245144
Cluster375	2.1771295845105506e-09	6.100183904134939e-09	0.36058493339605296
Cluster181	2.2863297186944868e-09	6.481964545306733e-09	0.3621485351775105
Cluster349	2.1631862186345824e-09	6.43402997179356e-09	0.3683561975432973
Cluster3	2.4203451644217194e-09	7.3729151797209505e-09	0.3713517989180824
Cluster192	2.0650783235752765e-09	6.2938129574120535e-09	0.3714133243938905
Cluster388	2.306643069284913e-09	7.049456316744497e-09	0.3717550402880009
Cluster1	2.253130107399183e-09	7.130041531144152e-09	0.37599928553288353
Cluster215	2.148999795461666e-09	6.815075262028428e-09	0.3762554369531253
Cluster329	1.6248089774319962e-09	5.334725241929776e-09	0.38034599975045674
Cluster369	2.0378522880435835e-09	6.872651529452179e-09	0.38341796119445704
Cluster128	1.836793992798249e-09	6.717471490500252e-09	0.39225930121875685
Cluster37	1.3297035573172502e-09	4.939997064303353e-09	0.3938990783702976
Cluster393	1.7146632332858026e-09	6.4583840117851795e-09	0.3953144043590191
Cluster350	1.5057387828892862e-09	5.944514728752359e-09	0.40001863986423725
Cluster47	1.4526102664593861e-09	6.0010714455844725e-09	0.4043674226856745
Cluster127	1.5710430772934469e-09	6.74630806353416e-09	0.4079294323749608
Cluster314	1.4974326383622472e-09	6.5348350306234635e-09	0.4093776417015485
Cluster236	1.3335020374536864e-09	5.9605820296275916e-09	0.41148755045723096
Cluster400	1.4958584004365027e-09	6.8522135541182876e-09	0.41359653990618866
Cluster341	1.2090282145076744e-09	5.735783115568955e-09	0.41652676204967737
Cluster165	1.282873513870176e-09	6.105301444557068e-09	0.4167852456164697
Cluster399	1.1963311295573912e-09	5.9932153869953405e-09	0.42089114533716077
Cluster308	1.2607151389715918e-09	6.509920943621359e-09	0.4232208256052099
Cluster174	1.069897385468225e-09	6.404061571666168e-09	0.43365927803680604
Cluster443	7.521020072138434e-10	5.239376392122598e-09	0.4429287022442227
Cluster42	6.974962531800901e-10	5.370135449652294e-09	0.4483289851771224
Cluster46	7.046879082339416e-10	5.95488858150604e-09	0.45290003751424235
Cluster91	6.989222534541555e-10	6.097434736913435e-09	0.45437093480400437
Cluster198	6.941433451150554e-10	6.258035664723916e-09	0.45583976431457895
Cluster187	5.050591097284305e-10	6.8202562654413674e-09	0.47048418398212494
Cluster96	3.673063579515117e-10	6.468275128122478e-09	0.4773579017265279
Cluster102	3.2747079809112156e-10	6.059346545187141e-09	0.4784500888765048
Cluster45	2.5977319839647803e-10	5.821518547310391e-09	0.4822039337938704
Cluster105	2.064428719562422e-10	5.828550497017901e-09	0.4858727185728755
Cluster88	1.7780514250763917e-10	5.84579368289371e-09	0.48786767764687194
Cluster87	5.381289272442087e-11	6.467090469155675e-09	0.49668042522348194
Cluster297	-9.955851466534306e-12	6.704572384533798e-09	0.5005924029751546
Cluster171	-3.6664250209195745e-11	5.8556487251098725e-09	0.502497899840212
Cluster235	-1.4336364696917419e-10	7.0363572656221536e-09	0.508127765718448
Cluster299	-1.1564140275698729e-10	5.315451627580828e-09	0.5086785863383787
Cluster48	-2.742907884086348e-10	6.037127294618145e-09	0.5181193060559314
Cluster170	-3.267326093185147e-10	5.986121850869938e-09	0.521764134344478
Cluster352	-3.9915168979458613e-10	7.0221092943624275e-09	0.5226645256498564
Cluster303	-3.765494928628634e-10	5.708918983125567e-09	0.526294410980339
Cluster397	-5.477397031468678e-10	6.736751398434533e-09	0.5324007810350351
Cluster166	-5.480142936199228e-10	6.457587146093033e-09	0.5338150972039897
Cluster59	-7.041464140910131e-10	5.829522941254307e-09	0.5480712016134186
Cluster327	-7.805102753862061e-10	5.446497165456407e-09	0.5569753463526993
Cluster457	-9.693827168750077e-10	6.056491745230044e-09	0.5635818363925811
Cluster196	-1.0028740723846651e-09	6.242357497207916e-09	0.5638179459653799
Cluster313	-9.82652509337351e-10	5.972075104311801e-09	0.5653474490360145
Cluster391	-1.0321125091237497e-09	6.1306746405486535e-09	0.5668468914435215
Cluster94	-9.902467919114539e-10	5.6892880402545895e-09	0.5690887263842488
Cluster276	-1.0074006420192643e-09	5.754467917745951e-09	0.569485359507713
Cluster142	-1.2333928400852034e-09	6.288524747773211e-09	0.5777473156820382
Cluster143	-1.2631794027498436e-09	6.14304484567299e-09	0.5814590812080732
Cluster36	-1.1498668308445e-09	5.4667046801724414e-09	0.5832988530032431
Cluster35	-1.0628047920316165e-09	4.8793963409734304e-09	0.5862132979642428
Cluster112	-1.4743583855107435e-09	6.0967445586381326e-09	0.5955429513033922
Cluster169	-1.5412813218384e-09	6.343146397889488e-09	0.5959909962625279
Cluster453	-1.7083036403633793e-09	6.4694287227311375e-09	0.604132340843346
Cluster38	-1.4578304882562458e-09	5.2961999139825584e-09	0.6084416445991436
Cluster53	-1.715785392210107e-09	6.073321441450838e-09	0.6112244765729821
Cluster89	-1.8716659426038956e-09	6.12110656720975e-09	0.6201110587997665
Cluster346	-1.708675310959962e-09	5.489848139226202e-09	0.6221919486180132
Cluster182	-2.106051356217463e-09	6.131090116958017e-09	0.6343901730169565
Cluster302	-2.247201482963892e-09	6.448637103417712e-09	0.6362589946766094
Cluster390	-2.571133182907714e-09	6.8857225082259105e-09	0.6455748579193876
Cluster43	-2.252277950687875e-09	5.987721996073e-09	0.6465970794169005
Cluster342	-2.8001049407042065e-09	7.35084129669047e-09	0.6483698286076762
Cluster145	-2.36725290319898e-09	6.135781068008725e-09	0.6501817407728704
Cluster360	-2.177436831261782e-09	5.511702685149351e-09	0.6535995958708712
Cluster381	-2.6198341126248095e-09	6.56298120920687e-09	0.6551210169791806
Cluster54	-2.3629672300137358e-09	5.860376722560693e-09	0.6566034250795652
Cluster301	-2.4363200161151237e-09	6.03874137882235e-09	0.6566907740470649
Cluster39	-2.3913444159015326e-09	5.72253731079916e-09	0.6619832443807663
Cluster339	-2.792210603805022e-09	6.661654895464914e-09	0.6624455352838051
Cluster409	-2.3362050695564487e-09	5.480796415427118e-09	0.6650381930809782
Cluster414	-2.927464493933703e-09	6.619373966723632e-09	0.6708483795455198
Cluster315	-2.8598341102161927e-09	6.402682279488797e-09	0.6724403956757163
Cluster345	-2.692451010873997e-09	5.842542214894525e-09	0.6775416940269273
Cluster197	-2.7672073832040646e-09	5.959711335475184e-09	0.678790403908725
Cluster332	-2.513601310939166e-09	5.3251458010811894e-09	0.6815454852654842
Cluster34	-2.5897496309889584e-09	4.896310230836951e-09	0.7015690463154316
Cluster410	-3.487389113426773e-09	6.461785152938824e-09	0.7052960908308494
Cluster340	-4.524157249180837e-09	7.997709875437608e-09	0.7141948742528682
Cluster60	-3.2210942834002e-09	5.672772602878388e-09	0.7149202364825382
Cluster52	-3.4139445436275103e-09	5.930427925459596e-09	0.7175794523980162
Cluster191	-3.659982697623662e-09	6.2579370231431175e-09	0.7206772262359522
Cluster186	-4.158746865967531e-09	6.972744109318763e-09	0.7245556673598403
Cluster377	-3.3930220840427353e-09	5.638599755881613e-09	0.7263294049541835
Cluster55	-3.459741719904424e-09	5.7324921912403585e-09	0.7269225389638191
Cluster408	-3.518677245295223e-09	5.804008230680399e-09	0.7278254654181924
Cluster398	-3.6948072670639655e-09	6.0300234261819556e-09	0.7299742593280757
Cluster246	-3.278841601439358e-09	5.3085249197567925e-09	0.731598897698337
Cluster44	-3.6150161131429456e-09	5.680881257293872e-09	0.7377251118404591
Cluster333	-4.016677747255034e-09	6.0607922192175435e-09	0.7462487251202496
Cluster449	-4.355445110672603e-09	6.49370366814705e-09	0.7487999606993502
Cluster323	-4.412713849331268e-09	6.238815856294172e-09	0.7603099370597352
Cluster320	-4.613227879938402e-09	6.476336920822606e-09	0.7618668493752738
Cluster33	-3.5404754609102777e-09	4.822214193092037e-09	0.7685869397443885
Cluster394	-5.386126055530274e-09	7.129703305707605e-09	0.7750101394767672
Cluster419	-4.099867058893341e-09	5.40499514933634e-09	0.7759340103788877
Cluster353	-5.284243945477734e-09	6.8080121206655635e-09	0.7811786909677629
Cluster328	-4.102880774989003e-09	5.276241848008171e-09	0.7816017671020208
Cluster321	-4.856293971687069e-09	6.134374035938408e-09	0.7857184050205821
Cluster92	-4.972149468156797e-09	6.240192473547995e-09	0.787214731815939
Cluster362	-6.004442366374755e-09	7.517573328068524e-09	0.7877738454907253
Cluster330	-4.5594051939279084e-09	5.6945014326520305e-09	0.7883380698063189
Cluster57	-4.4411218007407285e-09	5.445116352253748e-09	0.7926399857342836
Cluster324	-4.628918523213332e-09	5.657614392012748e-09	0.7933713592627984
Cluster455	-5.309947435197965e-09	6.331322310063079e-09	0.7991752835969866
Cluster319	-5.2126668169203034e-09	6.200331200965972e-09	0.799744175714685
Cluster317	-5.031440971959261e-09	5.94483149553172e-09	0.8013227788847852
Cluster176	-4.8933361355204226e-09	5.674538582546888e-09	0.8057475724675749
Cluster95	-5.106550239109415e-09	5.903692467219986e-09	0.8064739235710887
Cluster373	-6.817789675854613e-09	7.816651117464025e-09	0.808454078462328
Cluster379	-5.459942705142066e-09	6.251926406032396e-09	0.8087561093128475
Cluster61	-5.251638904342347e-09	5.980978045469644e-09	0.8100435733081985
Cluster415	-6.349106517186765e-09	7.071892152454378e-09	0.8153524653479285
Cluster4	-6.344497095338147e-09	6.703062657392477e-09	0.8280550252351724
Cluster49	-5.484536410420466e-09	5.7308435145721165e-09	0.8307216201971142
Cluster318	-6.12589138580616e-09	6.295032184135668e-09	0.8347559173159872
Cluster387	-6.235315127482449e-09	6.153191661091781e-09	0.8445526538551176
Cluster361	-6.9498977465089064e-09	6.8218000293834e-09	0.8458457426514798
Cluster432	-6.2177769980275794e-09	6.054516002225376e-09	0.8477815652339883
Cluster16	-6.189828994251763e-09	6.0255927729601835e-09	0.8478501365330676
Cluster18	-6.89270888075466e-09	6.678680394937303e-09	0.8489748381149806
Cluster326	-6.009983656286796e-09	5.797120860067026e-09	0.8500665150038477
Cluster0	-6.70347031976517e-09	6.445812325624439e-09	0.8508237609133545
Cluster418	-6.384968370681358e-09	6.015579537971276e-09	0.8557471391739693
Cluster368	-7.284901257661292e-09	6.619022362948025e-09	0.8644647797416922
Cluster454	-6.53118167751299e-09	5.923179490965096e-09	0.8649099590674965
Cluster183	-7.066853724432007e-09	6.3324838322227716e-09	0.867782232760004
Cluster325	-6.393253987359156e-09	5.6966681874738516e-09	0.8691281925129373
Cluster62	-6.954283914177288e-09	6.135165346055814e-09	0.8715003603568626
Cluster370	-6.675223721636222e-09	5.752552293732175e-09	0.8770556639021241
Cluster451	-7.395201054670927e-09	6.243628265676939e-09	0.8818804693261233
Cluster421	-8.79559536236789e-09	7.3826654045805125e-09	0.8832487217888838
Cluster28	-8.314288691744379e-09	6.905936568625752e-09	0.8856923673956196
Cluster412	-6.852643014020755e-09	5.682890653245593e-09	0.8860599355041543
Cluster56	-6.927957181209425e-09	5.6145193354194445e-09	0.8913866116505401
Cluster378	-7.269831154306369e-09	5.811724893221849e-09	0.894512775311969
Cluster32	-6.347272470089941e-09	5.066263304582348e-09	0.8948700106535893
Cluster335	-7.831424176541266e-09	6.202780519846954e-09	0.8966275305265163
Cluster365	-8.730187218597266e-09	6.8504207724658675e-09	0.8987394378686779
Cluster337	-8.675429764527496e-09	6.564301450457698e-09	0.9068505509634385
Cluster15	-8.636759400337807e-09	6.479652620379772e-09	0.9087184591950925
Cluster58	-7.538685382122115e-09	5.647241808612588e-09	0.9090507441475899
Cluster354	-9.466732735707674e-09	7.065778163830362e-09	0.9098448846976501
Cluster460	-7.792798983103919e-09	5.813408470740174e-09	0.9099564800580288
Cluster26	-8.966747793938673e-09	6.674744587915038e-09	0.9104262331899713
Cluster416	-9.063536279005693e-09	6.691742012702087e-09	0.9122013404639397
Cluster184	-8.303866413259209e-09	5.935122625251996e-09	0.9191094192568445
Cluster411	-8.978995588077593e-09	6.28206293920399e-09	0.9235419709081683
Cluster22	-8.274523182396149e-09	5.727376736102546e-09	0.9257333800588654
Cluster392	-9.750021999652513e-09	6.745228639002985e-09	0.9258369673845691
Cluster331	-8.459952971648733e-09	5.802472438887901e-09	0.9275784970992133
Cluster422	-9.87437762919665e-09	6.685525795990213e-09	0.9301592950388309
Cluster17	-9.978234112713066e-09	6.755091259714396e-09	0.930181312560149
Cluster74	-8.517100012347475e-09	5.702502824593826e-09	0.9323562723625323
Cluster27	-9.485898227232884e-09	6.2978415184638354e-09	0.9339939003612956
Cluster23	-9.38021122984722e-09	6.209292831361823e-09	0.9345641117304436
Cluster417	-8.426969982784413e-09	5.570380092503276e-09	0.9348370229708505
Cluster21	-9.882161498944665e-09	6.460137214985904e-09	0.9369562155193608
Cluster190	-8.797940857494608e-09	5.710060677260856e-09	0.9383146935450577
Cluster385	-8.6775204269354e-09	5.623213715387009e-09	0.9386040621359093
Cluster322	-9.637247708157903e-09	6.21459908476738e-09	0.9395183897505988
Cluster458	-9.798007879868729e-09	6.239862070940307e-09	0.9418189935753951
Cluster316	-1.0564685000833897e-08	6.6159089720180005e-09	0.9448516185857938
Cluster13	-1.0795701921014213e-08	6.71561846041766e-09	0.9460332692621436
Cluster389	-9.83257359845073e-09	6.114638785495048e-09	0.9460866088939666
Cluster63	-9.7986074968044e-09	5.997629483734498e-09	0.9488439780322242
Cluster29	-9.458953612680817e-09	5.734548361250391e-09	0.9504740959389992
Cluster6	-9.981609705470576e-09	6.0309147939331394e-09	0.9510452464007526
Cluster450	-1.1340062593720385e-08	6.747931920728717e-09	0.9535723107444217
Cluster11	-1.0250276915175511e-08	6.04836972872295e-09	0.9549354704415068
Cluster376	-1.0577086389222668e-08	6.183479037253011e-09	0.9564169408263301
Cluster355	-1.1102766192217546e-08	6.4143170945692505e-09	0.9582683240875307
Cluster431	-1.1384747902406263e-08	6.569161470452347e-09	0.958457455910523
Cluster396	-1.0187657403390696e-08	5.859320052289009e-09	0.9589570924302482
Cluster351	-1.1134118528352817e-08	6.160206087200559e-09	0.9646520822450425
Cluster359	-1.0639565592024684e-08	5.8672467382753565e-09	0.9651136164627112
Cluster367	-1.2507464794164826e-08	6.830639664340662e-09	0.9664558853796731
Cluster12	-1.2023690388330974e-08	6.534259083390592e-09	0.9671232241433878
Cluster357	-1.1809617363192484e-08	6.333239570417956e-09	0.9688885493538705
Cluster395	-1.2633347743000565e-08	6.731595646317158e-09	0.9697220407253171
Cluster380	-1.13136855068044e-08	5.978029555770326e-09	0.9707907486389725
Cluster20	-1.1266493228589726e-08	5.944101174134975e-09	0.9709807740859973
Cluster448	-1.1037901825483975e-08	5.8226906784686525e-09	0.9709981729787854
Cluster402	-1.024603377535926e-08	5.375570653733336e-09	0.9716772636830215
Cluster14	-1.2982388384208217e-08	6.669084996158263e-09	0.9742117716944573
Cluster71	-1.245290467959651e-08	6.356292600588094e-09	0.974952149491576
Cluster70	-1.2528839639234387e-08	6.010445305945803e-09	0.9814431467973821
Cluster5	-1.2762517137432361e-08	6.1204962474844864e-09	0.9814748576410615
Cluster50	-1.127404944513463e-08	5.283629925690902e-09	0.9835691813551715
Cluster366	-1.184634455221929e-08	5.528851592525492e-09	0.9839290351046313
Cluster358	-1.3474032382516203e-08	6.225586065196293e-09	0.9847793118347558
Cluster383	-1.3064234163930767e-08	6.014609935602133e-09	0.9850753121122542
Cluster73	-1.2769466875254602e-08	5.851478736972757e-09	0.9854549443674392
Cluster407	-1.1335597394505182e-08	5.168723417992285e-09	0.9858504007094447
Cluster356	-1.3775491541544056e-08	6.136023297195185e-09	0.9876165574608664
Cluster69	-1.3914316261860591e-08	6.065578927888701e-09	0.9891041739069069
Cluster82	-1.2679097750167494e-08	5.500748906288373e-09	0.9894160592247254
Cluster336	-1.4809000897833064e-08	6.3830733163568284e-09	0.9898307087989056
Cluster384	-1.5203715596273198e-08	6.500154065272102e-09	0.9903317069419384
Cluster66	-1.4086455385532772e-08	5.9424362930799125e-09	0.9911176147464258
Cluster30	-1.3235795708777117e-08	5.5544965023710685e-09	0.9914115113520545
Cluster382	-1.4270945962501799e-08	5.82124039147109e-09	0.992887485307012
Cluster31	-1.3453888176849112e-08	5.433407123452772e-09	0.9933594648333476
Cluster67	-1.5414152598957525e-08	6.221911014556745e-09	0.9933827964946076
Cluster72	-1.432219586836186e-08	5.707323080467451e-09	0.9939538952791266
Cluster7	-1.4440441213069008e-08	5.745217926264733e-09	0.9940225272501415
Cluster9	-1.4723085261678927e-08	5.843805133650021e-09	0.9941228274701808
Cluster459	-1.4272449918421944e-08	5.643654519616542e-09	0.9942795811424837
Cluster24	-1.696031104520973e-08	6.362759780839416e-09	0.9961569768258995
Cluster10	-1.568546908126652e-08	5.681471852823566e-09	0.9971170969661036
Cluster8	-1.55969222725863e-08	5.533618686001836e-09	0.9975881370348428
Cluster64	-1.594817317414212e-08	5.611482048500541e-09	0.9977588528890334
Cluster77	-1.6128146975285853e-08	5.3853854381546946e-09	0.9986268713082768
Cluster75	-1.846092312535312e-08	6.163780445978584e-09	0.9986280682149734
Cluster413	-1.7275061974311404e-08	5.724743140454326e-09	0.9987261317730639
Cluster25	-1.9094390634392467e-08	6.312936980934334e-09	0.9987553726901768
Cluster68	-1.817021641429285e-08	5.8574349227160104e-09	0.9990391614212445
Cluster65	-2.1231213634199748e-08	6.119852902687246e-09	0.9997390295663381
Cluster78	-1.9740061457611875e-08	5.389875967502499e-09	0.9998750846136667
Cluster80	-2.050862085847786e-08	5.263234948093157e-09	0.9999512198890032
Cluster79	-2.1218199237532012e-08	5.180713549578617e-09	0.9999789473864144
Cluster76	-2.3629078246187983e-08	5.768188612882806e-09	0.9999790230149778
Cluster19	-2.2689263415036278e-08	5.503495084285385e-09	0.9999812772002633
Cluster81	-2.1123813936557343e-08	4.936981203529593e-09	0.9999906001918891
