Name	Coefficient	Coefficient_std_error	Coefficient_P_value
Cluster404	8.41653633295049e-09	2.195395505037987e-09	6.310935807905162e-05
Cluster126	9.729294733853856e-09	3.0550018048991877e-09	0.0007244957287446404
Cluster188	6.344779101741608e-09	2.1070972550385046e-09	0.001301315076092763
Cluster250	6.292565830300683e-09	2.1055592206452503e-09	0.0014015300869409753
Cluster136	7.999494297676827e-09	2.782473130683378e-09	0.00202040413256769
Cluster125	7.834741753780435e-09	2.731819985071266e-09	0.0020656595727238185
Cluster204	6.385487119397602e-09	2.3079755923042685e-09	0.002831300358122842
Cluster253	6.799588320100479e-09	2.540126337042714e-09	0.003715671684310631
Cluster200	5.788952850964974e-09	2.2110206742528668e-09	0.004419406136608287
Cluster117	6.959542693688829e-09	2.6719953303927767e-09	0.004598759006043501
Cluster272	5.458192601267753e-09	2.1889561281567452e-09	0.006324281026222187
Cluster157	5.845803553519675e-09	2.3697054986102794e-09	0.0068146048797593116
Cluster419	5.574470249276655e-09	2.2752386748517875e-09	0.007141629459681994
Cluster137	6.03861855398143e-09	2.4815175607946677e-09	0.007478103084565543
Cluster364	6.015163733443167e-09	2.484016254993944e-09	0.0077272873055473255
Cluster239	5.769337009203863e-09	2.4083370781084888e-09	0.008297301246375061
Cluster168	6.636501912516586e-09	2.775028154221107e-09	0.008389660116879727
Cluster169	6.632269288325534e-09	2.7930971253674755e-09	0.008785855456690337
Cluster256	5.8521330827344554e-09	2.5002295407270936e-09	0.009625402898644402
Cluster122	5.998776729333972e-09	2.5890827396802597e-09	0.010253212281456371
Cluster252	5.518543236557809e-09	2.4175162157103467e-09	0.011223060181948604
Cluster186	6.8975883408467836e-09	3.0990676046897362e-09	0.01301721088544297
Cluster127	6.487564726573612e-09	2.9693575312623278e-09	0.014450368848734333
Cluster203	4.63907681891184e-09	2.162511497511136e-09	0.015967373714478757
Cluster135	5.838536398945671e-09	2.759037214304449e-09	0.017166029183658716
Cluster376	4.79413814028116e-09	2.280170377007839e-09	0.01775321628256875
Cluster123	5.301043439512518e-09	2.5388325038374294e-09	0.01839960714820026
Cluster270	4.477456943920736e-09	2.154282179839678e-09	0.01883633340122773
Cluster156	5.069698469811741e-09	2.4518000765808168e-09	0.019331982493924163
Cluster146	4.8608175080699635e-09	2.3600630481146655e-09	0.019717756490474598
Cluster395	5.5293338366559504e-09	2.74014828667277e-09	0.021801055049012415
Cluster242	4.5512522245242225e-09	2.256040321918966e-09	0.021828823857668878
Cluster139	5.288376427487477e-09	2.623715753243344e-09	0.021920611636228736
Cluster124	5.309201804529127e-09	2.6359821678608933e-09	0.02199812165761347
Cluster368	4.82136717362269e-09	2.3972654267120804e-09	0.022152455335281276
Cluster173	5.6454155084008855e-09	2.82065131304995e-09	0.02267152069447786
Cluster251	4.3048555183119116e-09	2.157089021941204e-09	0.022984481189201458
Cluster172	5.5740409894320156e-09	2.828909909942123e-09	0.024397145115737647
Cluster403	4.385629415790044e-09	2.2276100141130263e-09	0.02449033076899188
Cluster148	5.258788142696907e-09	2.6770102393115e-09	0.024740363148331238
Cluster153	4.759286409361086e-09	2.442016347183274e-09	0.025652687456774473
Cluster142	5.3399642540608475e-09	2.7400289330368746e-09	0.02565538711564809
Cluster120	5.028962693458398e-09	2.5891453195238344e-09	0.02604886057665592
Cluster110	4.051833490104582e-09	2.108603128094519e-09	0.027329794611924776
Cluster119	5.181808948233057e-09	2.7104195528675028e-09	0.027950243082269385
Cluster158	5.2216234090280885e-09	2.7354502185571123e-09	0.028139324644875886
Cluster241	4.61193078298226e-09	2.4188880555584754e-09	0.028284091302787275
Cluster221	4.7673206396109476e-09	2.5512924548755387e-09	0.030839909813674488
Cluster147	4.979623534022506e-09	2.666497149323767e-09	0.030917465292175296
Cluster255	4.418713088032265e-09	2.3791125417822026e-09	0.031634619817439924
Cluster175	5.314320336610177e-09	2.8666407312450893e-09	0.031880350950255876
Cluster183	5.372023286798811e-09	2.903947195185998e-09	0.032163699728006916
Cluster386	3.904637662411605e-09	2.1148676442843476e-09	0.03242578599149459
Cluster187	5.168219238362623e-09	2.8050335343579626e-09	0.03270245727711197
Cluster94	4.738901344319168e-09	2.586267567969198e-09	0.033450971220770634
Cluster421	4.8699558587575e-09	2.6695731733417904e-09	0.03405751085034526
Cluster132	4.427799665857976e-09	2.4301915172055965e-09	0.03422778248505183
Cluster363	4.330342361819395e-09	2.3893234737605477e-09	0.034964387544055515
Cluster262	3.9849936603500406e-09	2.2694662012858933e-09	0.039551314345350974
Cluster184	4.579117325457706e-09	2.6305870851286455e-09	0.04086627623931394
Cluster277	4.413510779054652e-09	2.540049670932788e-09	0.0411434203946385
Cluster416	4.769421914241417e-09	2.767528530269098e-09	0.04241257253044179
Cluster88	4.571788563280828e-09	2.6538471316294736e-09	0.04247118690370421
Cluster217	3.6529173108225456e-09	2.1455825759558994e-09	0.04432809057614778
Cluster254	4.13579848075994e-09	2.435469283982248e-09	0.04473948266481342
Cluster259	4.022206365398764e-09	2.3766510414082127e-09	0.045286383724113505
Cluster350	4.337018272996628e-09	2.574590884104405e-09	0.04603804251176648
Cluster162	4.465997102871393e-09	2.6959781125641702e-09	0.04880619874171154
Cluster170	4.429380959856703e-09	2.6948468486044395e-09	0.05012441556934983
Cluster202	3.6550230659677454e-09	2.226513448558709e-09	0.05033746096162415
Cluster365	3.864656375163767e-09	2.3661453193215427e-09	0.05120157135366585
Cluster356	4.028227638048271e-09	2.4792624578374858e-09	0.05210594365203288
Cluster116	4.081493704117828e-09	2.5173562758139066e-09	0.052472230822120165
Cluster177	4.034956063693977e-09	2.502417080713969e-09	0.05343490916360993
Cluster433	3.615992181392341e-09	2.2786386111789364e-09	0.05626662507138647
Cluster205	3.4205587908529554e-09	2.1859629249216688e-09	0.05881683694890753
Cluster38	3.934427354971928e-09	2.525404897400235e-09	0.05962382754149428
Cluster268	3.4973121709173443e-09	2.247429242965873e-09	0.05983752798189975
Cluster106	3.740352998692113e-09	2.4102178348522887e-09	0.060346256765082075
Cluster260	3.811604815632768e-09	2.4595228578198076e-09	0.06060275438486241
Cluster374	3.99715346958989e-09	2.604334834890569e-09	0.06241552072197503
Cluster174	4.392915359015915e-09	2.916134289989768e-09	0.0659800317036944
Cluster375	4.045748641018678e-09	2.687862219175506e-09	0.06613736394208455
Cluster149	3.919490868709254e-09	2.6082796896611377e-09	0.06645677820638916
Cluster131	3.658787885951937e-09	2.4391003405313075e-09	0.06679990687923817
Cluster121	3.9467821491324635e-09	2.6569398447112446e-09	0.0687107923361233
Cluster447	3.1684745677561723e-09	2.1465167830586483e-09	0.06995845291128679
Cluster235	3.65204147427344e-09	2.474798211785468e-09	0.0700132130897604
Cluster90	3.830580609196197e-09	2.6347782371774127e-09	0.07299351367629084
Cluster230	3.1307922968345833e-09	2.15778564058594e-09	0.07339991036429132
Cluster243	3.4009283131482377e-09	2.348356779761896e-09	0.07377829876507937
Cluster278	3.5029797044795918e-09	2.446640355287596e-09	0.07610755166869568
Cluster129	3.8433064571617125e-09	2.706770587860077e-09	0.07782039346077697
Cluster138	3.421233275341947e-09	2.422013763447e-09	0.07889296257004313
Cluster178	3.3322956899622365e-09	2.363937540160575e-09	0.07932333124315416
Cluster428	3.112403319455672e-09	2.2340025435906278e-09	0.08178027049042247
Cluster201	3.1526488762871314e-09	2.2694041946884104e-09	0.08238646857578902
Cluster357	3.3591301600867705e-09	2.4193066672701595e-09	0.08249727420668013
Cluster109	3.3359099125190757e-09	2.412879236868553e-09	0.08340247945533508
Cluster384	3.690860611446029e-09	2.670687396263546e-09	0.08348753890241584
Cluster279	3.3891821344695636e-09	2.469297090219411e-09	0.08494939179685873
Cluster390	3.5334516050283645e-09	2.580067672024534e-09	0.08541855552937633
Cluster257	3.209936312481727e-09	2.362067228924893e-09	0.0870808777470396
Cluster417	3.4614999499618795e-09	2.550980950903755e-09	0.08740189066946497
Cluster287	2.835614325209817e-09	2.0979702168723462e-09	0.08825182450527341
Cluster231	3.1358650314500276e-09	2.3482608706865544e-09	0.09087290897069161
Cluster378	3.2149435318263353e-09	2.4099353864060425e-09	0.09109582744468891
Cluster249	3.2470662975066676e-09	2.437387479074493e-09	0.09139867386205824
Cluster100	3.1887960316745435e-09	2.395291362870511e-09	0.09154896004097446
Cluster264	3.2131533981354084e-09	2.41434217558778e-09	0.09161740621676656
Cluster240	2.7363705588402127e-09	2.0903417869813023e-09	0.09525800701243536
Cluster369	3.46422029137089e-09	2.6640076978078865e-09	0.09673551168398076
Cluster413	2.9649424323881256e-09	2.286466776194985e-09	0.09736112060860136
Cluster171	3.987398651777124e-09	3.0932120429815683e-09	0.09868508894152966
Cluster134	3.37789639769451e-09	2.6394637057822115e-09	0.10031368984092776
Cluster176	3.498870271456156e-09	2.7348531345808547e-09	0.10038460523103199
Cluster388	3.4566848941583467e-09	2.7183081757754787e-09	0.10175213173800574
Cluster182	3.617004770916756e-09	2.8459005140532494e-09	0.10187274889227693
Cluster219	2.887103698962426e-09	2.3110363326855956e-09	0.1057835370010986
Cluster159	3.084961903379106e-09	2.536688062409839e-09	0.11196624182845588
Cluster392	3.139840818888765e-09	2.612307145763168e-09	0.11469306372619043
Cluster283	2.6215936056090743e-09	2.1959405105425368e-09	0.11627099460660045
Cluster432	3.5553158761566392e-09	2.983602218464901e-09	0.11670541569631776
Cluster96	3.090563478060771e-09	2.596758492187527e-09	0.11699134782855719
Cluster258	2.739693508339296e-09	2.3189609948715157e-09	0.11871568028055013
Cluster377	2.951891159216654e-09	2.503158997037148e-09	0.11914606770740949
Cluster425	3.202293790603679e-09	2.716001380992363e-09	0.11918969316940181
Cluster332	2.7249523244331845e-09	2.3131576648836378e-09	0.11939377086976294
Cluster309	2.7640287771966853e-09	2.408664893778417e-09	0.1255801588872303
Cluster434	3.306959604720901e-09	2.891041408572391e-09	0.1263399199352625
Cluster189	2.9594092224970354e-09	2.5904569582768946e-09	0.12663818647692676
Cluster311	2.8862386952171273e-09	2.5316361927809328e-09	0.12712888052510557
Cluster92	2.913823743143213e-09	2.56808520558745e-09	0.12826541531628233
Cluster266	2.9075849153976725e-09	2.563183828802716e-09	0.1283208277081026
Cluster394	2.9553754373507445e-09	2.6097489215393374e-09	0.1287254429444457
Cluster430	2.7095191702045425e-09	2.4098063963369833e-09	0.13042759339933596
Cluster185	3.196882633073134e-09	2.8519243036812452e-09	0.13115322334097884
Cluster420	2.83662464163399e-09	2.5421397320379575e-09	0.13224502429789364
Cluster366	2.4307817715976935e-09	2.2037317196230306e-09	0.1350071107603853
Cluster400	2.643074784464554e-09	2.4098003744847763e-09	0.1363638949359111
Cluster393	2.8284201423603113e-09	2.5895068258064634e-09	0.13735895872680065
Cluster261	2.7677044526071174e-09	2.552469764661316e-09	0.13911056409274958
Cluster227	2.2891177526793544e-09	2.1242405368559097e-09	0.1406023522233964
Cluster293	2.616165012667133e-09	2.454018247814805e-09	0.14319509927184848
Cluster143	2.682268909223275e-09	2.5512136809878838e-09	0.14654440000866342
Cluster128	2.46173962826268e-09	2.3436917685017274e-09	0.14677439836331174
Cluster83	2.474371299320725e-09	2.373394908542988e-09	0.14857950707582956
Cluster228	2.3383340405174692e-09	2.2448385686828442e-09	0.14878720136293772
Cluster424	2.455858667960535e-09	2.369693305362071e-09	0.1500167859582096
Cluster87	2.582281172439793e-09	2.4924642967850224e-09	0.15009282064445895
Cluster438	2.7089507010605478e-09	2.6299828620395395e-09	0.1514989026677272
Cluster446	2.3020247754534775e-09	2.2350476906152932e-09	0.15151281036238123
Cluster340	2.7162345421876712e-09	2.662334743865935e-09	0.1538060662672705
Cluster155	2.3446040588843003e-09	2.307053153276748e-09	0.15474885201608768
Cluster85	2.649118000445558e-09	2.614682691614904e-09	0.15548948934452683
Cluster238	2.5332518753553877e-09	2.5177121533703067e-09	0.1571663809049781
Cluster108	2.4302374391045582e-09	2.4218499335165546e-09	0.15781869656158193
Cluster216	2.3290266147721296e-09	2.3219667551611304e-09	0.15792066875139293
Cluster113	2.6245438993538228e-09	2.621355175387961e-09	0.15836108984175495
Cluster118	2.7628389803348555e-09	2.7644119898133905e-09	0.15879297961622751
Cluster248	2.510985462488989e-09	2.51711090689023e-09	0.15924481145570912
Cluster367	2.692933748351113e-09	2.708875197074788e-09	0.16008341641334745
Cluster452	2.7075312263403073e-09	2.7432719939807684e-09	0.16182830953874194
Cluster280	2.3909213193838153e-09	2.431270775872231e-09	0.16270432997353312
Cluster401	2.1055234049007865e-09	2.1422052176945943e-09	0.1628340851535644
Cluster37	2.2676062420272137e-09	2.321545770182524e-09	0.1643425842617891
Cluster181	2.4583994957019802e-09	2.525730762971303e-09	0.16519171049659787
Cluster391	2.442844634095079e-09	2.516708496758184e-09	0.1658611475709329
Cluster281	2.2011370971219554e-09	2.284177622424564e-09	0.1676118862341568
Cluster220	2.4159299575016447e-09	2.526902067669843e-09	0.1695149666842049
Cluster179	2.266694380586634e-09	2.3830804850525247e-09	0.17076120252815563
Cluster104	2.2984832450599147e-09	2.4264822366484574e-09	0.1717559168340796
Cluster290	2.11832238738132e-09	2.2428480987557195e-09	0.17246252581235627
Cluster348	2.3575053063515678e-09	2.526927599679248e-09	0.1754220543815631
Cluster439	2.1348702242432163e-09	2.2893802072265367e-09	0.17553647816619028
Cluster354	2.4272668373938277e-09	2.616309607930665e-09	0.17677006081125152
Cluster435	2.4756199701005192e-09	2.6866125759296618e-09	0.17840380335521955
Cluster247	2.2890171040662432e-09	2.4951856855101153e-09	0.1794734898483466
Cluster84	2.313423574774466e-09	2.5615323532217137e-09	0.1832256695018688
Cluster140	2.5274664744912606e-09	2.8045375655809204e-09	0.1837393634402626
Cluster317	1.892856417298089e-09	2.1089824236884123e-09	0.1847204353867135
Cluster387	2.1219955652172175e-09	2.3660217608821323e-09	0.1848962168825663
Cluster329	1.9081204311306127e-09	2.1275626370039272e-09	0.18489749003933198
Cluster93	2.085835667904073e-09	2.3382403630352862e-09	0.18618210929215195
Cluster273	1.826069084105659e-09	2.0475913227799357e-09	0.18624651770084033
Cluster274	1.8516473092942755e-09	2.0886986818280426e-09	0.1876720233744963
Cluster269	1.9937584790125897e-09	2.2607842620444733e-09	0.1889186923493245
Cluster198	2.2718093722018263e-09	2.5817774044237083e-09	0.18944588994712852
Cluster0	2.3305921559680827e-09	2.6587441945340202e-09	0.1903584075981346
Cluster265	2.2370964485256516e-09	2.5690110554136886e-09	0.19193151029351585
Cluster141	2.3729256694713848e-09	2.727422322006592e-09	0.19214336467885051
Cluster316	1.964821339534096e-09	2.2731587856557573e-09	0.19369582714360817
Cluster355	2.176800969382774e-09	2.520101203131227e-09	0.193855691687018
Cluster310	2.1733611828202263e-09	2.5430103972589695e-09	0.19637493575433446
Cluster456	1.9166736187030314e-09	2.257295280475094e-09	0.19791230807043103
Cluster275	1.863056071542175e-09	2.1969057977388695e-09	0.1982088512369849
Cluster347	2.0349991829085016e-09	2.4205411436909387e-09	0.20025219464143817
Cluster102	2.0264048282825325e-09	2.4183423393869275e-09	0.20103463405077526
Cluster213	2.06111590346379e-09	2.5069209791161435e-09	0.20548999773912835
Cluster328	1.7716372672721971e-09	2.187801466439785e-09	0.2090333940407278
Cluster199	2.0407036433732445e-09	2.5231093820986123e-09	0.2093136416817145
Cluster2	2.427296853512425e-09	3.0103308948819306e-09	0.21002852520681614
Cluster338	1.8240668118375143e-09	2.2847644701599463e-09	0.21233051872815872
Cluster224	1.921313932315528e-09	2.4267695643128883e-09	0.2142629483517493
Cluster105	1.9326182373588383e-09	2.4669903636300117e-09	0.21669874726970828
Cluster294	1.9060543959795294e-09	2.448105520727566e-09	0.21811257121177974
Cluster91	1.8464091987672134e-09	2.3929676899534807e-09	0.2201762653468778
Cluster396	1.9621440342912815e-09	2.5498427159605947e-09	0.22079361025914196
Cluster152	1.6650573944894192e-09	2.178039364900623e-09	0.2222920119357747
Cluster327	1.7854615126864345e-09	2.3620299752529923e-09	0.22485418930066392
Cluster407	1.6979161839319286e-09	2.2515556891854038e-09	0.22539218352867257
Cluster429	1.601427227705999e-09	2.2116788817007325e-09	0.23450903520064487
Cluster418	1.6164865925235963e-09	2.2444356514726123e-09	0.2356948927618449
Cluster163	1.7646202888367298e-09	2.495204714528391e-09	0.2397196655961964
Cluster288	1.5733971611128844e-09	2.2331493525173266e-09	0.24054073170673995
Cluster427	1.5419234228924028e-09	2.20224057334438e-09	0.24191331684099532
Cluster107	1.8582298947206453e-09	2.6729045406152984e-09	0.24346186148729665
Cluster325	1.766957231329812e-09	2.549773709665332e-09	0.24415919978511108
Cluster271	1.452758746227819e-09	2.101538927605661e-09	0.2446937650355639
Cluster165	1.914941136091506e-09	2.7839749476485813e-09	0.245775436264157
Cluster232	1.4203171613450861e-09	2.0813608165811685e-09	0.24749355330165457
Cluster324	1.7066232128463596e-09	2.5232269860862634e-09	0.2494043669299788
Cluster333	1.5691160565047656e-09	2.322265224925725e-09	0.2496208396706892
Cluster440	1.7503124935175831e-09	2.5999793515966465e-09	0.2504092484312571
Cluster343	1.45338552876768e-09	2.1835123116955062e-09	0.2528275860050423
Cluster389	1.7995647321189715e-09	2.7194323575267934e-09	0.2540680409626898
Cluster412	1.5374572455682e-09	2.3570083539288835e-09	0.2571064711914095
Cluster5	1.7183446751154067e-09	2.6594275038768564e-09	0.2590965148911051
Cluster405	1.636516638951804e-09	2.532952509486497e-09	0.25911036275865673
Cluster289	1.53600526520218e-09	2.3785636234568698e-09	0.25921412780165465
Cluster336	1.6270251203203318e-09	2.5774326212727435e-09	0.2639359018501586
Cluster337	1.4571604848445038e-09	2.328853964205459e-09	0.26575635123216995
Cluster196	1.6449433479995162e-09	2.699365169347658e-09	0.27113578003480887
Cluster373	1.4143034499857314e-09	2.3324968855529405e-09	0.27214204062036956
Cluster222	1.4505106091422164e-09	2.4535606129087244e-09	0.27719791134373095
Cluster233	1.3010881906600925e-09	2.2012223932902e-09	0.2772349837503732
Cluster449	1.4813574874696708e-09	2.5586995087996004e-09	0.28131166567093213
Cluster263	1.35293437666436e-09	2.3570782306735877e-09	0.28298799569602906
Cluster164	1.440442020244646e-09	2.5291915363074164e-09	0.28449939018029596
Cluster371	1.4191263238238647e-09	2.554028113864014e-09	0.2892276682879149
Cluster206	1.3056444187811834e-09	2.3522528959756076e-09	0.28942638524622
Cluster167	1.2409472370439152e-09	2.262797498688268e-09	0.29170422574607474
Cluster112	1.2448383117639028e-09	2.274857437581594e-09	0.2921151840247387
Cluster39	1.2725009256341915e-09	2.359189915119522e-09	0.2948121828263566
Cluster223	1.2151409175954775e-09	2.274595577000399e-09	0.296593683095073
Cluster97	1.2974242498008937e-09	2.4344339988317987e-09	0.29703514115071206
Cluster95	1.3890725622694789e-09	2.6064085163895427e-09	0.29703580347319286
Cluster150	1.1275595917075078e-09	2.174664343150103e-09	0.30205535073126355
Cluster330	1.159698053931266e-09	2.2564430688581544e-09	0.30364360775876975
Cluster436	1.2272222291413934e-09	2.4032564147140673e-09	0.3047981749547113
Cluster114	1.258548181932121e-09	2.4862041252995254e-09	0.3063536590762479
Cluster299	1.186983662008897e-09	2.393352313252627e-09	0.3099647582355267
Cluster397	1.1902690997468668e-09	2.4552360354715944e-09	0.3139133487457082
Cluster410	1.2076328126966855e-09	2.559593831811941e-09	0.31853248258874645
Cluster101	1.1533898176591545e-09	2.4739559626512497e-09	0.32053161124578206
Cluster234	9.92387417167068e-10	2.137862418252957e-09	0.3212536241676427
Cluster411	1.0387623548624821e-09	2.3225323893340753e-09	0.3273457675096908
Cluster160	1.1004826257708274e-09	2.4736891667546638e-09	0.32820502209849756
Cluster381	1.0194822227538907e-09	2.3371490515104265e-09	0.3313430503104571
Cluster144	1.062638458062063e-09	2.4764812940386025e-09	0.3339281154343231
Cluster326	9.599393649336244e-10	2.317423658793674e-09	0.3393539484102489
Cluster34	8.989649466468094e-10	2.1807624619488855e-09	0.3400872337174202
Cluster180	1.1725983672183608e-09	2.8974428959719075e-09	0.34284861168192576
Cluster225	8.587093784208262e-10	2.1288180585857744e-09	0.34333663781317525
Cluster318	9.041164491895467e-10	2.2440664331849586e-09	0.34351383254055257
Cluster312	1.023726955713449e-09	2.561162557600505e-09	0.3446843913720452
Cluster86	9.013430229292857e-10	2.2628711615495867e-09	0.34519778166060755
Cluster295	8.945990618182551e-10	2.264410542188878e-09	0.34639587667819444
Cluster133	9.157600467558414e-10	2.3298538390464145e-09	0.34713953341171094
Cluster437	9.116385815955904e-10	2.4384478461430335e-09	0.35425416698806045
Cluster99	8.959985310205641e-10	2.3972707957002992e-09	0.35429227900894655
Cluster385	8.02719843468767e-10	2.209720747836666e-09	0.3582025154640466
Cluster339	9.479549837444362e-10	2.644949260131346e-09	0.3600212646887019
Cluster444	8.489077105387709e-10	2.414318905846209e-09	0.3625639780735411
Cluster195	9.38811750623367e-10	2.716242178194762e-09	0.3648108182879587
Cluster402	8.951781993076656e-10	2.633615923144357e-09	0.3669641815595855
Cluster399	8.525220409539396e-10	2.5335453291387762e-09	0.36824930092745317
Cluster111	7.871825439267705e-10	2.344550241747566e-09	0.36852973096510383
Cluster103	8.458682693413634e-10	2.5326223440485093e-09	0.36919389011431775
Cluster210	8.054120049750046e-10	2.4470363883921144e-09	0.37102579311738404
Cluster207	7.692308163760972e-10	2.3497910735770355e-09	0.3716972916382707
Cluster331	6.956292057737299e-10	2.156424836445459e-09	0.3735049707884549
Cluster282	7.130728616975147e-10	2.2328697926722976e-09	0.37472956010983216
Cluster291	7.509304572691914e-10	2.419508620764528e-09	0.37814175618024637
Cluster297	7.798753849901727e-10	2.5662162802403566e-09	0.3806017037943016
Cluster285	7.463996492145573e-10	2.4566540884047677e-09	0.38062956746314747
Cluster211	6.982718379309218e-10	2.3384369022448746e-09	0.3826202539757588
Cluster191	7.987177215036065e-10	2.690515508460573e-09	0.3832850962536053
Cluster130	7.236801663031137e-10	2.4404436561579753e-09	0.38341026937864586
Cluster244	6.822085505459577e-10	2.3149453507796205e-09	0.3841124959615969
Cluster286	6.701481341036643e-10	2.277063899137894e-09	0.3842629557755097
Cluster218	6.84274309374649e-10	2.3356902217779064e-09	0.3847746447218035
Cluster35	6.32028873472737e-10	2.1608900133824944e-09	0.3849577440514612
Cluster323	7.40403241007213e-10	2.540125049777907e-09	0.385340976212632
Cluster115	6.66735883749283e-10	2.3957627674052533e-09	0.3903918221184337
Cluster315	6.165905175362134e-10	2.2542263442322773e-09	0.3922242835799286
Cluster321	5.916799407982677e-10	2.185881892198432e-09	0.3933176248113003
Cluster372	6.06784833276799e-10	2.281797844166112e-09	0.3951488665822971
Cluster1	8.026228527169685e-10	3.03740947648474e-09	0.3957952410309996
Cluster98	5.601632047065506e-10	2.1871042807929114e-09	0.39892872659543915
Cluster226	5.482715966516103e-10	2.2536564706682474e-09	0.4038938959780223
Cluster212	6.102440387517854e-10	2.531832534470477e-09	0.4047664770388221
Cluster154	5.840197306033014e-10	2.4509056568739433e-09	0.4058291292325088
Cluster431	5.889782691051322e-10	2.4970622870792043e-09	0.4067673664153058
Cluster296	4.983180240536431e-10	2.322557350633658e-09	0.4150568501137527
Cluster445	4.6208526426453134e-10	2.2026469931051066e-09	0.4169172151160956
Cluster229	4.000788716943886e-10	1.9573974524137824e-09	0.41902309333202936
Cluster442	5.429188733966626e-10	2.7087248968157778e-09	0.42057082972776416
Cluster406	4.008962444849216e-10	2.0409356275520115e-09	0.4221377174959671
Cluster245	4.5517779152307836e-10	2.367097687720417e-09	0.42375610645780637
Cluster313	4.626393609060316e-10	2.5828898080792566e-09	0.42892293405244014
Cluster451	4.5108784841351275e-10	2.607988365527188e-09	0.43133990032019615
Cluster301	4.623833885610625e-10	2.6908597066646056e-09	0.4317836958264518
Cluster6	4.17041209619416e-10	2.5433328725282357e-09	0.4348756905444495
Cluster423	3.3529398016525697e-10	2.185341388223826e-09	0.43903012624991117
Cluster370	3.709816872724292e-10	2.432486743570667e-09	0.4393918438662866
Cluster335	3.442788252610749e-10	2.339156946129453e-09	0.4414946853691223
Cluster422	3.704203229530469e-10	2.535396870492237e-09	0.4419214037687696
Cluster145	3.6659285381262563e-10	2.7074029529843805e-09	0.4461462798636108
Cluster304	3.274531986369336e-10	2.452915331665755e-09	0.4469007550052686
Cluster89	3.1485832100134277e-10	2.434355819801631e-09	0.44854451579296656
Cluster298	2.749771836857325e-10	2.2913760278165975e-09	0.4522394892654622
Cluster334	2.539863014377493e-10	2.135124721037055e-09	0.45265503238632937
Cluster193	3.1926318863511635e-10	2.7032260026150276e-09	0.45299242409580565
Cluster450	3.038492588562659e-10	2.621947780570554e-09	0.45387111038305616
Cluster151	2.436737882277174e-10	2.1822018709081215e-09	0.4555448398969246
Cluster79	2.608221056897872e-10	2.403116508397263e-09	0.4567856831064068
Cluster383	2.5619092915041006e-10	2.466803416456731e-09	0.45864203880010346
Cluster409	2.0890473246005063e-10	2.335242010429374e-09	0.46435919467461917
Cluster237	2.0014672489049136e-10	2.4346689463766436e-09	0.4672410707242005
Cluster31	1.89144244458984e-10	2.3144799306438012e-09	0.46743383748895084
Cluster398	1.8095046740041657e-10	2.392175658717305e-09	0.4698517083597322
Cluster380	1.5127530896564488e-10	2.3936770567155562e-09	0.4748044675293486
Cluster453	1.3986058128319424e-10	2.5688740797432572e-09	0.4782905877510198
Cluster208	1.1219401815271593e-10	2.2762399888207227e-09	0.4803444183394586
Cluster190	6.506750372853881e-11	2.7505597195834704e-09	0.49056346340849843
Cluster236	4.542286624252621e-11	2.6290152764927577e-09	0.4931076093470059
Cluster415	3.084381996808386e-11	2.669960389634883e-09	0.4953914559028936
Cluster32	1.2929255332150217e-11	2.2014644656043505e-09	0.49765701557544734
Cluster284	7.018978634119105e-12	2.3623337296657565e-09	0.49881466230312094
Cluster460	-6.95780260158239e-12	2.629578373186876e-09	0.5010555906702859
Cluster308	-2.5984418440026176e-11	2.3547395262659866e-09	0.5044022163181496
Cluster80	-3.3010113629606124e-11	2.395562575787274e-09	0.5054971276450146
Cluster342	-6.822071398024033e-11	2.2978617985460447e-09	0.5118423699785591
Cluster166	-1.0144214071337767e-10	2.7807108586137575e-09	0.5145504464111412
Cluster21	-9.438050454528736e-11	2.5204648681097324e-09	0.5149351720037173
Cluster319	-9.26376591770197e-11	2.1696393552520805e-09	0.5170285687551579
Cluster11	-1.274323985641795e-10	2.5749027026832965e-09	0.5197356686322445
Cluster441	-1.329109208031299e-10	2.5489710394131267e-09	0.5207926128534807
Cluster3	-1.7960914167617347e-10	2.7924111050762302e-09	0.5256424651890815
Cluster408	-1.6649074538613116e-10	2.4752956454857766e-09	0.5268130194840028
Cluster292	-1.7932679259658496e-10	2.238967759880158e-09	0.5319185588353854
Cluster344	-1.9374081306411096e-10	2.3019758038806027e-09	0.5335365172282984
Cluster454	-2.3167275431389058e-10	2.6720533839660538e-09	0.5345458634739778
Cluster303	-2.3046584281994679e-10	2.532802141159512e-09	0.5362507002945713
Cluster358	-2.6051159413659636e-10	2.4972357035829835e-09	0.5415422911235998
Cluster197	-3.029243296919727e-10	2.643542152261183e-09	0.5456150719375702
Cluster161	-2.8804519336796324e-10	2.417175275345122e-09	0.5474280924805655
Cluster78	-2.8166146191740526e-10	2.2703763644748065e-09	0.5493658662745559
Cluster320	-2.694362312708266e-10	2.1230192777932704e-09	0.5504949026483448
Cluster22	-3.1345261002633147e-10	2.341223842631704e-09	0.5532528820222152
Cluster448	-3.6593946507144563e-10	2.3886062763091094e-09	0.5608805437984538
Cluster305	-3.690552600309242e-10	2.2830894950586344e-09	0.5642081977464569
Cluster192	-5.414357432576567e-10	2.8926025432137678e-09	0.5742400303646177
Cluster7	-5.441640488900087e-10	2.4725318884612524e-09	0.5870970284370423
Cluster349	-5.58980322436542e-10	2.512717064174312e-09	0.5880222946891902
Cluster362	-6.924722257804473e-10	2.6061157752731743e-09	0.6047688971496599
Cluster379	-6.390286555467266e-10	2.3692714871057697e-09	0.6063103369591614
Cluster351	-7.101388335861909e-10	2.627064988214594e-09	0.6065415874750952
Cluster443	-7.597366898141224e-10	2.6083910690833684e-09	0.6145762105342858
Cluster10	-7.568012097379406e-10	2.508616812610197e-09	0.6185522487390418
Cluster426	-7.664848434396447e-10	2.2976226615660386e-09	0.6306589498449608
Cluster361	-8.755199802828283e-10	2.599579429120732e-09	0.6318634995566766
Cluster194	-1.042492003170645e-09	3.090217197865936e-09	0.6320743460032429
Cluster4	-8.36545610348441e-10	2.4534807090700965e-09	0.6334342001906267
Cluster345	-7.852579681696258e-10	2.213804592591637e-09	0.6385964592254061
Cluster276	-8.592130095817005e-10	2.3393284032117375e-09	0.6432988159816518
Cluster353	-1.0454057905709332e-09	2.778399045572424e-09	0.6466389110843273
Cluster214	-1.1016591952641898e-09	2.528156911327362e-09	0.6684930647416543
Cluster215	-1.130990880552131e-09	2.4155279488153024e-09	0.6801852372230607
Cluster360	-1.1512129714568917e-09	2.4233073188391873e-09	0.6826273954870015
Cluster246	-1.3043505275407247e-09	2.6423741042254502e-09	0.6892156300775868
Cluster458	-1.1749345666696496e-09	2.356016283261702e-09	0.6910030196872062
Cluster414	-1.2011298871678e-09	2.3594084545825534e-09	0.6946522564026308
Cluster42	-1.2447131757621908e-09	2.1859055550533293e-09	0.7154667285626882
Cluster209	-1.3638410593713348e-09	2.361255491970425e-09	0.7182300204836696
Cluster77	-1.3575826858373614e-09	2.3500138066228933e-09	0.7182637452869207
Cluster8	-1.38813295832791e-09	2.399604587297595e-09	0.718531315525814
Cluster33	-1.293071818343023e-09	2.228146728998576e-09	0.7191556787347954
Cluster36	-1.3327185027591228e-09	2.2922065967473195e-09	0.7195188999752555
Cluster41	-1.4003903947093345e-09	2.39142676083263e-09	0.7209237338912192
Cluster302	-1.4240155097442927e-09	2.390647157073532e-09	0.7242991741647778
Cluster457	-1.4965717898682597e-09	2.4840964466117527e-09	0.7265664170963786
Cluster300	-1.6371061101442487e-09	2.485632135589552e-09	0.7449325560306582
Cluster14	-1.7599581339858524e-09	2.6551757858002014e-09	0.7462836546250508
Cluster322	-1.489704794012663e-09	2.1067303296693844e-09	0.7602531084605382
Cluster15	-1.940283277305535e-09	2.6549968984475734e-09	0.7675506663092587
Cluster81	-1.7726097180201675e-09	2.3700865888017056e-09	0.7727425555576588
Cluster306	-1.7081749135653441e-09	2.2740896636245236e-09	0.773717809058303
Cluster314	-1.886098986295935e-09	2.4535771284228196e-09	0.7789684316090797
Cluster47	-1.800324729372499e-09	2.246784382330597e-09	0.7885179653178891
Cluster30	-1.8280063630503519e-09	2.258270433421188e-09	0.7908781080122853
Cluster18	-2.1290124408431386e-09	2.582803652277364e-09	0.7951162533997769
Cluster51	-1.88649209359571e-09	2.2020212040198072e-09	0.8041972250278269
Cluster341	-1.9252288998276946e-09	2.192230283617082e-09	0.8100839217744711
Cluster359	-2.332147785703634e-09	2.648240069738473e-09	0.8107438180849613
Cluster82	-2.1412454253974545e-09	2.380538047038751e-09	0.815801373147675
Cluster46	-2.015977498978965e-09	2.209155988901583e-09	0.8192618223155147
Cluster16	-2.4208706207407423e-09	2.565650720390966e-09	0.8273052428800212
Cluster17	-2.4132316278597272e-09	2.485621197327384e-09	0.8341951511332464
Cluster382	-2.2044390963200017e-09	2.2698659544130405e-09	0.8342696519625495
Cluster267	-2.2395627479585097e-09	2.2800659404434144e-09	0.8370081911072393
Cluster48	-2.47214033285683e-09	2.327135050694869e-09	0.8559526579143476
Cluster45	-2.313523204046776e-09	2.1490035390012894e-09	0.8591607221213293
Cluster28	-2.8036419499002596e-09	2.5479210248109693e-09	0.8644133392612064
Cluster352	-3.0059116561024325e-09	2.7272848371620614e-09	0.8648045305031
Cluster459	-2.7061330647724566e-09	2.377225099328562e-09	0.8725144751534301
Cluster23	-2.7688463237078104e-09	2.4176656830463236e-09	0.8739484532072644
Cluster25	-2.9006279386421537e-09	2.462333077273423e-09	0.880601662368159
Cluster72	-2.6650348266990022e-09	2.191418185778397e-09	0.8880310316855836
Cluster9	-3.273454188315571e-09	2.606143903963696e-09	0.8954515751897076
Cluster50	-3.1143592129755796e-09	2.438492612775604e-09	0.8992281295530979
Cluster64	-2.5385228546608626e-09	1.9793432160154505e-09	0.9001676918266541
Cluster12	-3.3660819871670247e-09	2.4885963816138578e-09	0.9119086925830935
Cluster307	-3.070494490816628e-09	2.2698751419934973e-09	0.9119266755401371
Cluster346	-3.035246106527364e-09	2.176873970888172e-09	0.9183886149758207
Cluster69	-3.3926972667171804e-09	2.419861901920284e-09	0.9195455159798595
Cluster66	-3.3081199516231384e-09	2.3406538149061927e-09	0.9212208734710927
Cluster43	-3.318826379965411e-09	2.3168807058062584e-09	0.9239931161369094
Cluster59	-3.103510419666184e-09	2.1483066021461653e-09	0.9257192266138251
Cluster68	-3.5942832339883483e-09	2.430766841498737e-09	0.9303847004993959
Cluster44	-3.2341540290997467e-09	2.165965286341179e-09	0.9323036319816225
Cluster49	-3.530116623406504e-09	2.3138320575342368e-09	0.9364524828795002
Cluster20	-3.838761990237563e-09	2.4605405874353094e-09	0.9406353608537206
Cluster73	-3.533639658863782e-09	2.2175600268910047e-09	0.9444738307440117
Cluster24	-3.830515891215934e-09	2.353113007790805e-09	0.9482216919458621
Cluster40	-3.4914812292966305e-09	2.137948276869265e-09	0.9487759133369087
Cluster76	-4.061494892901485e-09	2.314554025531775e-09	0.9603501142466276
Cluster455	-4.03858627539683e-09	2.2881231007455978e-09	0.961219916755575
Cluster75	-4.405850595484823e-09	2.4150510949181268e-09	0.9659489146900081
Cluster27	-4.344349000024208e-09	2.3314095014756494e-09	0.9687970111105567
Cluster26	-4.635372242676204e-09	2.412023750657115e-09	0.9726831006109294
Cluster62	-3.922561100929828e-09	2.033129685552563e-09	0.9731545276072677
Cluster70	-4.442656732364832e-09	2.264994502801455e-09	0.9750862933163462
Cluster13	-4.731229107581969e-09	2.4071931675827604e-09	0.9753191826794949
Cluster74	-4.440182125337469e-09	2.2580912557547877e-09	0.975370503439686
Cluster56	-4.017456204044703e-09	2.0358298012356915e-09	0.9757735890681147
Cluster71	-4.631564148658305e-09	2.3287538158390233e-09	0.9766416434092945
Cluster60	-4.377671235302547e-09	2.0002521457150446e-09	0.9856855711689709
Cluster29	-5.461973693801068e-09	2.4044943531504633e-09	0.9884437081581655
Cluster19	-5.792409974849991e-09	2.499778731102595e-09	0.9897527383437951
Cluster65	-4.896325331261505e-09	2.1123802883761203e-09	0.9897731243595113
Cluster58	-5.034262954124249e-09	2.0949943161996202e-09	0.9918693172670521
Cluster52	-5.64335029182688e-09	2.2682705229464404e-09	0.9935759631617076
Cluster54	-5.170618141002769e-09	2.064530679384517e-09	0.9938687785890583
Cluster53	-5.464900722786355e-09	2.162885979384144e-09	0.994242529963141
Cluster67	-6.151353601806415e-09	2.3315615151636147e-09	0.9958338312181629
Cluster57	-6.138141702020077e-09	2.0119601559694426e-09	0.998858938616118
Cluster63	-6.333045423531226e-09	1.9693432426248737e-09	0.9993496288933965
Cluster61	-6.3605578084931674e-09	1.9189713575208747e-09	0.9995410729612861
Cluster55	-6.78623872442889e-09	2.0217740098837013e-09	0.999605430282111
