Name	Coefficient	Coefficient_std_error	Coefficient_P_value
Cluster287	3.813689378238017e-08	8.106570699909991e-09	1.2728044774378717e-06
Cluster273	3.658524109852133e-08	7.842719256623823e-09	1.5440846618505908e-06
Cluster272	3.75844303369906e-08	8.245927377664696e-09	2.5829071872273735e-06
Cluster404	3.7958620918875794e-08	8.331075462959508e-09	2.603512148460268e-06
Cluster403	3.730831890400185e-08	8.337920238899817e-09	3.8288827525751e-06
Cluster240	3.778728978743078e-08	8.46503467936036e-09	4.023565241358786e-06
Cluster188	3.534579439232477e-08	7.958950020311846e-09	4.476835234183475e-06
Cluster228	3.516672914957467e-08	8.115681797538818e-09	7.3484638214424705e-06
Cluster233	3.429482687625257e-08	8.043918563838975e-09	1.0064827255069694e-05
Cluster217	3.5960660672563554e-08	8.58223661728024e-09	1.3939923321935771e-05
Cluster270	3.822837388177019e-08	9.158023893014175e-09	1.4944934425760883e-05
Cluster269	3.4717522904610475e-08	8.654155682518588e-09	3.0146753728656785e-05
Cluster179	3.896797855125077e-08	9.761616813917107e-09	3.27647890596863e-05
Cluster241	3.632509568394146e-08	9.182034087353163e-09	3.809076169856637e-05
Cluster275	3.262053586359767e-08	8.417100397148324e-09	5.320134733318939e-05
Cluster242	3.3027795994498055e-08	8.573301140448507e-09	5.8482576931249546e-05
Cluster239	3.408090187825037e-08	8.847408800546824e-09	5.856003780499383e-05
Cluster274	3.339164999948957e-08	8.67978201825963e-09	5.977163198042737e-05
Cluster231	3.3553206739756194e-08	8.732564912530593e-09	6.09412986570724e-05
Cluster296	3.3260259113010747e-08	8.690129125964985e-09	6.476230821502338e-05
Cluster229	3.023531810026818e-08	8.251352553769346e-09	0.000124014613808883
Cluster178	2.8045755647455448e-08	7.751740933209997e-09	0.0001484473827263646
Cluster227	2.945240991816647e-08	8.187508362189737e-09	0.00016080756601574142
Cluster243	3.425393127877495e-08	9.596826761130513e-09	0.00017896977730123598
Cluster167	3.395308233108877e-08	9.54326511378984e-09	0.0001869829332421597
Cluster250	3.158541441502194e-08	8.967778685791803e-09	0.00021407120508074688
Cluster123	3.5226964749524305e-08	1.0081347262160616e-08	0.00023767863758110763
Cluster202	2.5304211687707516e-08	7.284873249193967e-09	0.0002568318194040089
Cluster122	3.208375548194358e-08	9.52483186054551e-09	0.0003779841980672743
Cluster254	3.2188717367810416e-08	9.592853319687947e-09	0.00039612350197502124
Cluster252	3.033320809155005e-08	9.119397139306347e-09	0.00044014702666042316
Cluster286	2.8969888286097178e-08	8.761312469770251e-09	0.0004722296493973236
Cluster288	2.9589202508538904e-08	8.96389276442872e-09	0.00048182078426310107
Cluster281	3.1025869391923135e-08	9.457598536979115e-09	0.0005180741071703755
Cluster251	2.942893255376791e-08	9.178795652708056e-09	0.0006725334333873435
Cluster249	2.7927988856965745e-08	8.721933960254244e-09	0.000682288221315562
Cluster289	2.711623768672765e-08	8.517741283183574e-09	0.0007275281143736254
Cluster230	2.5746875003578356e-08	8.110711865371357e-09	0.0007506593373315169
Cluster253	2.9268264966941955e-08	9.239565551980578e-09	0.0007682232765493416
Cluster282	2.781824968208528e-08	8.991853601752761e-09	0.0009883299415054893
Cluster271	2.6806866288788713e-08	8.686196232254792e-09	0.0010138475223157902
Cluster283	2.7056938754972995e-08	8.793003241976055e-09	0.0010451304204095351
Cluster225	2.5538341562527653e-08	8.378902994237728e-09	0.0011521034483437309
Cluster207	2.6970011485636857e-08	8.857126714251889e-09	0.0011633750656383259
Cluster200	2.343142588027585e-08	7.900478873189217e-09	0.001509368406933927
Cluster206	2.603861574310512e-08	8.815437092489496e-09	0.001569680432344947
Cluster245	2.5787148276299982e-08	9.000923388668512e-09	0.0020854099779904333
Cluster262	2.2445384429247462e-08	8.263385160396164e-09	0.003301344841611422
Cluster311	2.4142731838066852e-08	8.924639292957144e-09	0.0034133968324089364
Cluster149	2.7200228188333754e-08	1.009063755339031e-08	0.0035131978662533096
Cluster277	2.428269215121693e-08	9.015881458453313e-09	0.003537171598658273
Cluster279	2.5336000995036218e-08	9.660009702750802e-09	0.004360883493027479
Cluster150	2.422378165233354e-08	9.237808802415412e-09	0.004367653103726757
Cluster222	2.3759065624496513e-08	9.086778192921517e-09	0.004465484692358036
Cluster248	2.3972567279675016e-08	9.217195638817325e-09	0.004649619956537496
Cluster284	2.3853788242444518e-08	9.221118261920578e-09	0.004842676290467386
Cluster234	2.148233326996274e-08	8.366500199057784e-09	0.005119366830141951
Cluster439	2.1169545278587665e-08	8.326162847828675e-09	0.005502607635888172
Cluster268	2.2410507860285333e-08	8.830034230214212e-09	0.005574613915502898
Cluster226	2.0672052391613178e-08	8.151924112168144e-09	0.0056087471361527565
Cluster290	2.1404681440610263e-08	8.651357395219742e-09	0.006677841363942437
Cluster208	2.2808552369473957e-08	9.29940875437624e-09	0.007089654476198202
Cluster113	2.832145501274573e-08	1.1547195567858066e-08	0.007090026695966073
Cluster260	2.2580622620410378e-08	9.224400800649884e-09	0.007184118463942455
Cluster426	2.1685115679534556e-08	8.87196906791435e-09	0.007258123673113846
Cluster146	2.3855656570003564e-08	9.926435040007666e-09	0.008125145376394987
Cluster129	2.6101073958007363e-08	1.0942078339930086e-08	0.008530618485199782
Cluster124	2.36078728716305e-08	9.918534747871159e-09	0.008652151127970324
Cluster155	1.842984224638883e-08	7.75412770039585e-09	0.008732291324547002
Cluster125	2.2330312943545723e-08	9.555551301344368e-09	0.009722341562639224
Cluster261	2.014844961885115e-08	8.662770863232481e-09	0.010012833536774875
Cluster177	2.2323534773059948e-08	9.61692296959194e-09	0.010135969916575664
Cluster295	2.1845632569114566e-08	9.451696148472246e-09	0.01040835740991851
Cluster151	2.036333293773646e-08	8.815653192618888e-09	0.010446670824448723
Cluster278	1.9240935347830082e-08	8.427293567846207e-09	0.011210207980610494
Cluster210	1.914070019883178e-08	8.430149407810312e-09	0.011588466413370512
Cluster212	2.158535978772256e-08	9.54547549002605e-09	0.011869772442794718
Cluster223	1.9101459605152665e-08	8.475255668126872e-09	0.012104642342073715
Cluster280	2.2243332208344756e-08	9.893911362884119e-09	0.012282233018248176
Cluster110	2.1730839554844372e-08	9.684933916910324e-09	0.012423351270829035
Cluster237	1.9702170630399217e-08	8.808732476682962e-09	0.012654169826826281
Cluster265	1.7855457228352757e-08	8.021358114026921e-09	0.013007449505766802
Cluster310	2.0187654402548194e-08	9.22381469603106e-09	0.014311332167882235
Cluster224	1.7544045543201623e-08	8.022512089524558e-09	0.014376669826506691
Cluster108	1.7444526737946184e-08	7.99229655315713e-09	0.014530148788570538
Cluster266	1.7899254930055006e-08	8.238917042142346e-09	0.014908035329684889
Cluster259	1.9575071824878964e-08	9.015129006102923e-09	0.014952063352875212
Cluster293	1.921930503531563e-08	8.859941535695329e-09	0.015032381810578987
Cluster405	1.950782838557076e-08	9.208923240309969e-09	0.0170722322069013
Cluster115	1.958422588648655e-08	9.331954270956067e-09	0.017925205873523784
Cluster401	1.6821205041123127e-08	8.13675187985631e-09	0.019352380737513195
Cluster437	1.74508512608532e-08	8.484118788701093e-09	0.01984867528884365
Cluster221	1.7723999401982795e-08	8.655823810810023e-09	0.02029770953666499
Cluster256	1.6234474924578314e-08	8.042730897980668e-09	0.021768167286270707
Cluster132	2.116640108542517e-08	1.056142748742431e-08	0.02252843628243891
Cluster216	1.6873872769214563e-08	8.529635048020692e-09	0.023949447402123694
Cluster117	2.0619294566798746e-08	1.0439612772097618e-08	0.02412831684400969
Cluster263	1.6828534638122652e-08	8.657640439076326e-09	0.02596108869560376
Cluster312	1.6897015827311026e-08	9.096404747673303e-09	0.03161655673103888
Cluster147	1.827827549191848e-08	9.892158919840446e-09	0.03231897437387104
Cluster264	1.4705039643003276e-08	8.037018548008403e-09	0.03365013455398815
Cluster343	1.8781286046328325e-08	1.0284491498237668e-08	0.03391191788262284
Cluster434	1.835835874722875e-08	1.0154451459233316e-08	0.03531006747081427
Cluster307	1.3622163919541853e-08	7.612763724457318e-09	0.036776430397603664
Cluster258	1.5348855308916616e-08	8.588920118256296e-09	0.036964462882695705
Cluster220	1.5584485724719495e-08	8.784806627454454e-09	0.03802932732290448
Cluster152	1.5568458920747642e-08	8.82238473548682e-09	0.03881094405124156
Cluster456	1.539928937868742e-08	8.734206840096464e-09	0.0389417228553553
Cluster156	1.553392889749974e-08	8.938362068711276e-09	0.041114716108084315
Cluster121	1.6186399497695276e-08	9.332742605255984e-09	0.04142650553483709
Cluster309	1.526484266286125e-08	8.880612343305827e-09	0.04281672065503017
Cluster429	1.4038682119356243e-08	8.177662092508522e-09	0.043015998550806206
Cluster292	1.6637097550981363e-08	9.72350525367121e-09	0.04353884718879214
Cluster440	1.5051919378293648e-08	8.953536698683385e-09	0.046370348995017525
Cluster118	1.7085340616919327e-08	1.0189490559935799e-08	0.0467946111751615
Cluster109	1.4442784520321554e-08	8.615939931517116e-09	0.04684103569468562
Cluster294	1.5886249973921898e-08	9.742029492192128e-09	0.05147765821879673
Cluster255	1.4015252919161266e-08	8.661391159634507e-09	0.05281734146133414
Cluster203	1.3208920264642162e-08	8.245941068195289e-09	0.054592251661370765
Cluster133	1.6575176896543917e-08	1.0348443079602256e-08	0.05461017429815171
Cluster116	1.555099801363096e-08	9.725089072208582e-09	0.05490366904956007
Cluster444	1.2948661010184716e-08	8.174361123898504e-09	0.05659027609710605
Cluster218	1.270473797758847e-08	8.096041263681598e-09	0.0582944860620223
Cluster106	1.6650448122905242e-08	1.0611181404762385e-08	0.058307452732524356
Cluster135	1.4637099432742567e-08	9.352936710666182e-09	0.058794544806542656
Cluster131	1.5562749390921886e-08	1.0236971441819673e-08	0.0642241566960398
Cluster423	1.382243289001656e-08	9.13007572848897e-09	0.0650198893519208
Cluster119	1.5353544408800236e-08	1.0285865555084039e-08	0.06775999398411256
Cluster98	1.3402222338595476e-08	9.053134299370448e-09	0.06938382002549326
Cluster201	1.2878345806018886e-08	8.69983511868167e-09	0.06939691008845074
Cluster141	1.4585229816473661e-08	1.0000631612732771e-08	0.07236090911822175
Cluster185	1.287350165148047e-08	8.894588591663183e-09	0.07390073791884279
Cluster300	1.2644272559754918e-08	8.746649713481039e-09	0.07414285663876663
Cluster433	1.1832381035252413e-08	8.203492742734247e-09	0.07460057144842838
Cluster267	1.2501986740082629e-08	8.923858581826403e-09	0.0806127188284183
Cluster120	1.4049690654289474e-08	1.0167663732750536e-08	0.08351636457025863
Cluster436	1.2407804630872652e-08	9.068960563329825e-09	0.08563073133825194
Cluster136	1.218651155415751e-08	9.009428750433191e-09	0.08808537172042702
Cluster438	1.1889513950179866e-08	8.829401714035943e-09	0.0890574375884911
Cluster406	1.1173970744889851e-08	8.29919098819399e-09	0.08908794066214293
Cluster148	1.3642044125945117e-08	1.0260321741028103e-08	0.09182632878896146
Cluster435	1.2255483159559427e-08	9.339015609179842e-09	0.09471139867033257
Cluster306	1.0679168333902545e-08	8.158808690027486e-09	0.09528196160357916
Cluster285	1.1200532422381438e-08	8.570188829797129e-09	0.09562031323227238
Cluster428	1.2005245617463074e-08	9.208519415270764e-09	0.09616611388593266
Cluster291	1.1332626776075865e-08	8.774234925661912e-09	0.0982513084481152
Cluster209	1.1225214817874612e-08	8.727187250849899e-09	0.09918050730859229
Cluster427	9.70486360128659e-09	7.732604889467061e-09	0.1047289473525323
Cluster180	1.1924647523548945e-08	9.79366610633989e-09	0.11169034283486007
Cluster441	1.1009654445220773e-08	9.132293219495095e-09	0.11399091195779892
Cluster193	1.0299824262659768e-08	8.592839485442615e-09	0.11533164414417213
Cluster219	9.371194268066738e-09	7.865911770649591e-09	0.11675460735422044
Cluster140	1.1498637220117082e-08	9.720909173046497e-09	0.11842900332614259
Cluster304	1.0870138122297638e-08	9.294390690886411e-09	0.12109357802012655
Cluster2	1.4748375449670594e-08	1.2834855593440819e-08	0.12525989771555035
Cluster139	1.0045008662104551e-08	8.74489269946971e-09	0.12534573929513992
Cluster232	9.834981441060889e-09	8.622939744071283e-09	0.1270265043738067
Cluster244	1.0053688494741767e-08	8.926158000427565e-09	0.13001556392123775
Cluster153	1.0325134072553642e-08	9.226671468783937e-09	0.13155877181125225
Cluster172	9.067133638429998e-09	8.205610745849643e-09	0.13458154340905099
Cluster305	8.024780494118405e-09	7.4095536692244515e-09	0.13939720671373973
Cluster298	9.398912888489313e-09	8.742204530793667e-09	0.1411606579571234
Cluster204	9.710789013701882e-09	9.085660330447516e-09	0.14257902531784566
Cluster163	8.967211142561e-09	8.409228732578442e-09	0.14313191922000523
Cluster446	9.666488261160383e-09	9.0967616703512e-09	0.14397497792301206
Cluster164	8.532870906737192e-09	8.401962639487268e-09	0.15491455511430147
Cluster137	8.731349041397274e-09	8.696275806661352e-09	0.15768132184039635
Cluster168	9.635161026230365e-09	9.787734644386738e-09	0.1624565506306227
Cluster93	8.896525370541752e-09	9.063345480814635e-09	0.1631499569996953
Cluster430	9.032073592299635e-09	9.48803717471036e-09	0.17056286446234475
Cluster194	9.109137552355495e-09	9.727685832802064e-09	0.17453013279108243
Cluster452	8.515753901270353e-09	9.125190602513814e-09	0.17535479255188546
Cluster99	8.524314842198158e-09	9.202860006431698e-09	0.1771533576640329
Cluster126	8.285313953853834e-09	9.011056713673617e-09	0.1789272844928177
Cluster100	8.573646134685234e-09	9.351546545348256e-09	0.17961957165526732
Cluster386	6.807764396972441e-09	7.629903512181009e-09	0.18613007122143543
Cluster134	8.986418257799817e-09	1.0317589703589391e-08	0.19188243147146145
Cluster173	7.574386680043004e-09	8.955076563377483e-09	0.19882646421306194
Cluster104	8.238571658529481e-09	9.828439788666646e-09	0.20094852604935015
Cluster161	7.768774180199042e-09	9.310918522198562e-09	0.20203555998091133
Cluster114	8.496488018627261e-09	1.0621080186742787e-08	0.2118656577517199
Cluster447	6.996481438236908e-09	8.905509351717846e-09	0.21604062415840908
Cluster445	7.55952025460639e-09	9.72279929304522e-09	0.21843058870950044
Cluster138	6.888754515820315e-09	9.261567280879586e-09	0.2284987148574727
Cluster85	6.78092304780529e-09	9.131201358768865e-09	0.2288588629429143
Cluster371	7.194543719363902e-09	9.740298586181388e-09	0.23006376288960095
Cluster213	7.055388737961338e-09	9.582130239469291e-09	0.23077197000506938
Cluster238	6.608409996702938e-09	9.125700573089737e-09	0.23448568444082163
Cluster363	6.646090801804759e-09	9.209008682790408e-09	0.23524116599803374
Cluster347	6.204690589060512e-09	8.61598922281753e-09	0.23572039718679533
Cluster157	5.88831466358428e-09	8.207475975257211e-09	0.236553461084047
Cluster90	6.3082048046597335e-09	8.974475113141957e-09	0.24105742973458671
Cluster41	6.214062085826271e-09	8.842235757102805e-09	0.2410994047579217
Cluster107	6.680512139802311e-09	9.549491538202559e-09	0.24209878077168862
Cluster364	6.1833965273215255e-09	8.97803506150907e-09	0.24549819382628513
Cluster154	5.788556318111949e-09	8.514505905441934e-09	0.2483008568101293
Cluster162	6.0808938725596274e-09	9.150897940594045e-09	0.25318090277339245
Cluster257	5.760671376628343e-09	8.75731628065862e-09	0.25532933772671484
Cluster103	5.836606713081442e-09	9.134336124167698e-09	0.26141980116539615
Cluster334	5.6752453116548036e-09	9.184121925197118e-09	0.2683071218531553
Cluster195	5.552134811944601e-09	9.293812902017034e-09	0.2751197824226044
Cluster247	5.635304711426243e-09	9.4550027953337e-09	0.27558326647626297
Cluster159	5.242420834703184e-09	8.81001643377295e-09	0.27590424486909193
Cluster420	4.934564763395945e-09	8.672109440268702e-09	0.28467280767101777
Cluster344	4.7460626568124015e-09	8.46814397530535e-09	0.2875825888579129
Cluster158	5.45683446510765e-09	9.864843782540607e-09	0.2900770147102475
Cluster374	5.662324292177727e-09	1.0242156613786962e-08	0.2901848018901152
Cluster175	4.9965137941959116e-09	9.600070863483054e-09	0.30136928951062336
Cluster205	4.376150619855814e-09	8.513776580426122e-09	0.3036231434174198
Cluster424	4.025304038586609e-09	8.284180499379818e-09	0.3135181468941294
Cluster144	4.565901820132118e-09	9.65245468297104e-09	0.3180958443921599
Cluster375	4.27793863028526e-09	9.15478064430539e-09	0.32014615879145375
Cluster199	4.11534227555865e-09	9.300107205764213e-09	0.329061971177872
Cluster214	3.916756209158833e-09	8.880180088155785e-09	0.32958217239096343
Cluster40	3.939258377244467e-09	8.95038144927172e-09	0.329924431314245
Cluster128	3.992523925834573e-09	9.27513954217692e-09	0.3334325927585638
Cluster97	3.999566643151581e-09	9.35534850175045e-09	0.3345015539181926
Cluster86	3.707802960410133e-09	8.800917166779006e-09	0.3367689874909642
Cluster160	3.544210970080429e-09	8.540587540408705e-09	0.3390766455575104
Cluster372	4.012423125763541e-09	9.754628239874376e-09	0.3404133371779957
Cluster130	4.411641793069003e-09	1.0725309593906138e-08	0.3404152805239994
Cluster348	3.375237051502695e-09	8.255222327170312e-09	0.3413208979837936
Cluster388	3.8279020711452674e-09	9.419878239243412e-09	0.3422374793724201
Cluster425	3.5087652723023405e-09	8.738597517150709e-09	0.34401682193375194
Cluster369	3.8726321170081796e-09	9.729881351070325e-09	0.34530981477065253
Cluster442	3.3430454142872572e-09	8.662529119617541e-09	0.3497778659751286
Cluster215	3.6982261938468073e-09	9.668368725311327e-09	0.3510423820621006
Cluster211	3.4201276405631848e-09	9.050325319490322e-09	0.35275204301265906
Cluster189	3.090229473838249e-09	8.591211668404513e-09	0.35953702412053307
Cluster101	3.3033202313399016e-09	9.414996277880291e-09	0.3628477012705408
Cluster349	3.155697401667179e-09	9.110502727416617e-09	0.3645285163053818
Cluster127	3.129209194302832e-09	9.427740778647367e-09	0.36997669718211734
Cluster341	2.599995448117202e-09	8.089785595608658e-09	0.3739565283923967
Cluster165	3.0095421831388416e-09	9.368546352998978e-09	0.37401465093304154
Cluster338	2.6878992784549394e-09	9.066912537392739e-09	0.3834426731353208
Cluster83	2.8912811081330237e-09	9.887709455170755e-09	0.3849859636351277
Cluster51	2.316096858559291e-09	8.041149492641546e-09	0.38666166978506183
Cluster181	2.603945152677747e-09	9.36973602823208e-09	0.39054064937268207
Cluster47	2.3120870476875652e-09	9.220011024900844e-09	0.4009966024062846
Cluster393	2.399966379593291e-09	9.736428636811906e-09	0.4026501174544522
Cluster400	2.400818957030252e-09	9.870757737034471e-09	0.4039153972506636
Cluster1	2.5865492730535147e-09	1.0989077864743642e-08	0.4069590181463154
Cluster84	1.8626672487783677e-09	8.226627308809667e-09	0.4104376567515535
Cluster42	1.9564891055135267e-09	8.658286076598808e-09	0.41061344563488555
Cluster308	2.1845954293170844e-09	9.88714200634086e-09	0.4125644459477841
Cluster111	2.0513337474609854e-09	9.368059744064051e-09	0.4133363050857302
Cluster37	1.5760033733553348e-09	7.294900412503289e-09	0.41447758485410735
Cluster399	1.797246780533633e-09	8.403870574083964e-09	0.4153283480430412
Cluster3	2.2755392810758277e-09	1.1171931350205114e-08	0.41930037645815266
Cluster192	1.867073910446679e-09	9.18000088977724e-09	0.4194170858187787
Cluster443	1.7868533447215774e-09	8.962528906117893e-09	0.42098692667001913
Cluster350	1.6768446880856788e-09	8.490040874495974e-09	0.4217153013693826
Cluster236	1.599860140548439e-09	9.124221427571178e-09	0.43040541680052136
Cluster314	1.5278577744482896e-09	9.501424801120113e-09	0.4361242744439395
Cluster299	1.2450104725757408e-09	8.188846442437079e-09	0.4395787404441217
Cluster174	1.4456081130301332e-09	9.778339665964467e-09	0.44123539297969117
Cluster329	1.1509434738681312e-09	9.084681518729276e-09	0.4495926551341032
Cluster46	9.384986797203866e-10	9.027773925822607e-09	0.4586018072723881
Cluster45	9.041602741562087e-10	9.196784917406084e-09	0.4608420177720732
Cluster171	7.032873379868281e-10	8.60502195149649e-09	0.4674307619135568
Cluster91	6.645396848264754e-10	9.138730936133511e-09	0.4710157216649382
Cluster170	5.870614954629085e-10	9.352692012558444e-09	0.47497512487832594
Cluster96	3.8015030511123014e-10	8.797306946287653e-09	0.48276622089375837
Cluster166	3.1096171524463414e-10	9.463686565168439e-09	0.48689374851622463
Cluster88	2.5035432923627533e-10	8.328341852391001e-09	0.4880093914524839
Cluster102	1.5205683660510816e-10	8.868985847136954e-09	0.49316055629587535
Cluster87	-1.6576423749461887e-10	9.501373177078188e-09	0.5069597317248815
Cluster48	-2.2080355406678173e-10	9.30596860465876e-09	0.5094648512810579
Cluster198	-2.3014348353643342e-10	8.551858091944049e-09	0.5107348466212351
Cluster105	-3.5641482665311937e-10	8.640933455061087e-09	0.5164506110597784
Cluster297	-5.647719773156957e-10	9.815970791447704e-09	0.5229408965661131
Cluster187	-5.630400161813842e-10	9.327070684545011e-09	0.5240680195983952
Cluster303	-6.438278474634793e-10	9.609022301346093e-09	0.5267101157940247
Cluster143	-5.761193702309829e-10	8.450789454019526e-09	0.5271762143830304
Cluster59	-7.732787080537698e-10	9.065126688894564e-09	0.5339895803564514
Cluster397	-8.444416940595849e-10	9.790841065062828e-09	0.5343654129134437
Cluster327	-1.0371470301854858e-09	8.461704292156998e-09	0.5487760038834995
Cluster142	-1.331287599738756e-09	9.350498755032332e-09	0.5566085325315865
Cluster391	-1.3700138638164312e-09	9.242646853047932e-09	0.5589183607173703
Cluster235	-1.6629173354306746e-09	1.0007681861022668e-08	0.5659860901655308
Cluster457	-1.422261844467341e-09	8.430511511419322e-09	0.5669853025742118
Cluster453	-1.5171935850696093e-09	8.859045073548931e-09	0.5679900471385445
Cluster352	-1.85566096777764e-09	1.0178615413488112e-08	0.572330181500117
Cluster169	-2.144410039497528e-09	9.27104928810472e-09	0.5914598111892337
Cluster94	-1.8248398245576038e-09	7.84727007220304e-09	0.5919424521246859
Cluster313	-2.012832040152137e-09	8.609397634373744e-09	0.5924278405052803
Cluster339	-2.292692450810679e-09	9.518865503333152e-09	0.5951673124592657
Cluster36	-2.0059481095566305e-09	8.064625759442806e-09	0.5982167977689405
Cluster35	-1.7223316167896405e-09	6.85543354072187e-09	0.5991841687719873
Cluster38	-1.954600875536732e-09	7.77394764880883e-09	0.5992590237616993
Cluster112	-2.339472523947593e-09	8.795878153013738e-09	0.6048702796565735
Cluster196	-2.434882302728871e-09	8.963700080032532e-09	0.6070498428056017
Cluster276	-2.7949794686330742e-09	8.794492248271002e-09	0.6246855490010123
Cluster43	-2.8025616520770853e-09	8.788613278297389e-09	0.6250933434358257
Cluster302	-3.009799501950532e-09	9.396828204056272e-09	0.6256293540307853
Cluster342	-3.4081927346429565e-09	1.017529013425069e-08	0.6311678309213731
Cluster301	-3.2637671602994873e-09	9.18805130378082e-09	0.6387871022134028
Cluster360	-3.091280180523436e-09	8.681990314975063e-09	0.6391009206859444
Cluster345	-3.243984615113192e-09	9.005350425184271e-09	0.6406618989777405
Cluster346	-2.8526712017014934e-09	7.855116006537905e-09	0.6417576627459762
Cluster39	-3.273484351073618e-09	8.98803489009948e-09	0.6421474129200645
Cluster53	-3.78660011061449e-09	9.899620875794273e-09	0.6489545529762879
Cluster409	-3.525942973643807e-09	8.64773059588407e-09	0.6582642053797777
Cluster390	-3.971656452419286e-09	9.513230668914291e-09	0.6618391273647319
Cluster414	-3.8862762937460054e-09	9.196824240131703e-09	0.6636944701304693
Cluster381	-3.825957316212927e-09	9.020178725304818e-09	0.6642737495267623
Cluster89	-3.4462064988842776e-09	7.993669929295863e-09	0.6668083271197601
Cluster54	-4.17154359611439e-09	9.099765214006851e-09	0.6766757907341059
Cluster182	-4.085645260044864e-09	8.56827545735094e-09	0.6832598419965686
Cluster408	-4.477860769467914e-09	8.80525348755564e-09	0.6944641321289291
Cluster332	-4.292755877718402e-09	8.292149308530999e-09	0.6976624215370466
Cluster398	-4.796178980419486e-09	8.585106395896287e-09	0.7118040403305628
Cluster315	-5.0402403540098445e-09	8.994315301432664e-09	0.7123900901482993
Cluster410	-5.473217917715802e-09	9.652918951285583e-09	0.714643362192174
Cluster44	-4.840119127307399e-09	8.388536086172663e-09	0.7180276069051582
Cluster145	-5.1755125450723424e-09	8.820841721393808e-09	0.7213097596102679
Cluster34	-4.135723870791653e-09	7.0361172007639446e-09	0.7216616799751996
Cluster60	-5.186223405209596e-09	8.751469823055389e-09	0.723279476241851
Cluster377	-5.19407494636432e-09	8.696778393225411e-09	0.7248268444756178
Cluster52	-6.113537446398923e-09	9.297341850655672e-09	0.7445887643718733
Cluster340	-7.096232287724261e-09	1.0580532367685922e-08	0.7487902309351078
Cluster197	-5.717176403529482e-09	8.126683980713962e-09	0.7591299749344447
Cluster333	-6.077016555303948e-09	8.551159921215025e-09	0.7613543085242963
Cluster186	-6.514741047265081e-09	9.116329090037856e-09	0.7625790738984044
Cluster33	-5.003904480688649e-09	6.934807115246784e-09	0.7647185915411709
Cluster55	-6.5097787796358505e-09	8.700955130286621e-09	0.7728206744511694
Cluster191	-6.038790989338562e-09	8.067405161062786e-09	0.7729333266620688
Cluster246	-6.309766671991732e-09	8.314730126315691e-09	0.7760336646989959
Cluster394	-7.260011619755007e-09	9.526564248141066e-09	0.7769941067190262
Cluster328	-6.462896349299253e-09	8.344189616868029e-09	0.7806938035103145
Cluster449	-6.8395781738021915e-09	8.79775268108229e-09	0.7815454733554243
Cluster92	-7.071945969973895e-09	8.916442556164745e-09	0.7861505214293326
Cluster61	-7.85307991782143e-09	9.595625196943604e-09	0.7934361916390308
Cluster323	-7.68826183881081e-09	9.277540397539198e-09	0.796361812371511
Cluster176	-7.365776086972382e-09	8.882131788290088e-09	0.7965270658527372
Cluster57	-6.857262345098698e-09	8.206726640375668e-09	0.7983004689293548
Cluster330	-7.334832087610748e-09	8.705540808357649e-09	0.8002592324863324
Cluster353	-8.208138544002537e-09	9.724366348656232e-09	0.8006875162781455
Cluster317	-7.61144810825894e-09	8.99296360224873e-09	0.8013290947087162
Cluster419	-6.817384836910611e-09	7.916126399424615e-09	0.8054366336523036
Cluster455	-7.904664203839805e-09	9.150599503399186e-09	0.8061624146360276
Cluster0	-9.147898055851479e-09	1.0584321293747566e-08	0.8062850504374373
Cluster379	-7.733133372374479e-09	8.908360730054585e-09	0.8073236118281413
Cluster324	-7.62644665816067e-09	8.613444882124882e-09	0.8120327435930825
Cluster95	-7.687356224190085e-09	8.68100132958521e-09	0.8120667227172818
Cluster415	-9.572634037169758e-09	1.0666092455589923e-08	0.8152693141748607
Cluster49	-8.016475411893138e-09	8.863790212332421e-09	0.8171102308905998
Cluster321	-8.100486457134724e-09	8.932648929311648e-09	0.8177543849180271
Cluster362	-9.749457903707821e-09	1.030484777220096e-08	0.8279522332298322
Cluster373	-1.0549640278419728e-08	1.1064673804556303e-08	0.8298195597240361
Cluster320	-8.437531840346933e-09	8.8017284500594e-09	0.8311254347805399
Cluster319	-8.845616757969178e-09	8.723897961785916e-09	0.8446972528515548
Cluster325	-9.049008581054086e-09	8.906711798713823e-09	0.8451796766009971
Cluster326	-9.11362331278017e-09	8.85864828483037e-09	0.8482090801182756
Cluster418	-9.838372368382506e-09	9.352923208033924e-09	0.8535780799171315
Cluster318	-9.650724806393294e-09	9.019356932537322e-09	0.857690667252399
Cluster387	-8.897575580677948e-09	8.203665184447791e-09	0.8609473404332922
Cluster4	-1.0357645519658917e-08	9.536060783624052e-09	0.8612949144468421
Cluster368	-1.009408823467622e-08	9.226455358581064e-09	0.8630307360399878
Cluster365	-1.0842765987973859e-08	9.81052135086282e-09	0.8654674569734011
Cluster451	-1.0481027863101364e-08	9.291407826647577e-09	0.8703473090324816
Cluster335	-1.0329896220301388e-08	9.05067924125021e-09	0.8731356302438253
Cluster56	-1.048423011024706e-08	9.111805472553881e-09	0.8750558009078053
Cluster16	-1.0153177808928494e-08	8.788968634486252e-09	0.8759994881209936
Cluster412	-1.0516595143878107e-08	9.079837768421274e-09	0.8766161332900304
Cluster432	-1.0532510104776467e-08	8.917074960676177e-09	0.881230813311221
Cluster18	-1.1904742536214763e-08	9.845796151412586e-09	0.8866914997992803
Cluster411	-1.2237058174711265e-08	9.984284419361138e-09	0.889831399163949
Cluster370	-1.0549703562675576e-08	8.47000540806839e-09	0.8935327542543338
Cluster421	-1.2305035587606958e-08	9.81928153403582e-09	0.8949244931254581
Cluster62	-1.1312101457078038e-08	8.968420214303784e-09	0.8964042885089392
Cluster454	-1.0277651717339009e-08	8.041804050333315e-09	0.8993802443919918
Cluster58	-1.1697567220364173e-08	9.039205643057903e-09	0.9021832448108158
Cluster417	-1.1346489247278213e-08	8.76554038167076e-09	0.9022437151885708
Cluster28	-1.319412053404707e-08	9.955840390336124e-09	0.9074582587984642
Cluster361	-1.1537369366400955e-08	8.704299539433737e-09	0.9074938943221251
Cluster337	-1.264896192883552e-08	9.359586365313885e-09	0.9117234635206425
Cluster416	-1.3671552583339558e-08	9.972820784908828e-09	0.9147940045126883
Cluster32	-9.778889088716989e-09	7.052856108878691e-09	0.9172051116379485
Cluster183	-1.2040584191094555e-08	8.576375029727482e-09	0.9198293536537921
Cluster392	-1.3957077103785144e-08	9.88702005782356e-09	0.9209744507336666
Cluster354	-1.4692590279571694e-08	1.0260312626331299e-08	0.9239256152007206
Cluster378	-1.242005431894553e-08	8.670728632836663e-09	0.9239870033781664
Cluster331	-1.2046807732445584e-08	8.249728476485176e-09	0.9278916707301031
Cluster22	-1.3702689530374635e-08	9.274591863059849e-09	0.9302216622583028
Cluster74	-1.2421850944350823e-08	8.179917559296318e-09	0.9355657485288591
Cluster15	-1.4646872830225153e-08	9.577367790247005e-09	0.9369075976113044
Cluster460	-1.2321133770366343e-08	7.956443684945312e-09	0.9392577982260268
Cluster385	-1.2486617004804693e-08	8.061014587345682e-09	0.9393107116648233
Cluster6	-1.4355550636776338e-08	9.217317761947895e-09	0.9403186616176388
Cluster431	-1.6689940511018097e-08	1.03865935828215e-08	0.9459589241133118
Cluster359	-1.5496169295206973e-08	9.62049346342896e-09	0.9463824289711779
Cluster422	-1.52737047330266e-08	9.473643110783793e-09	0.9465442007364536
Cluster26	-1.443259459756328e-08	8.873770580635707e-09	0.9480712277150357
Cluster63	-1.4534614829673219e-08	8.929597184473933e-09	0.9482046683279834
Cluster23	-1.4675992275012934e-08	8.993189911611506e-09	0.9486497892593017
Cluster389	-1.4489525538575126e-08	8.806015225180588e-09	0.9500575899783311
Cluster458	-1.5214924386974675e-08	9.231540390199995e-09	0.9503386205957667
Cluster21	-1.597007178824629e-08	9.619833089379508e-09	0.9515547851878935
Cluster11	-1.554331927704767e-08	9.356715486021984e-09	0.951662751151585
Cluster355	-1.5523880318534855e-08	9.290445025482212e-09	0.9526343419739715
Cluster13	-1.7183921930698598e-08	1.0163809811815398e-08	0.9545526484360464
Cluster184	-1.4117146599552678e-08	8.32064267289765e-09	0.9551177584710052
Cluster17	-1.5918422175836588e-08	9.366612357282298e-09	0.955386130745295
Cluster402	-1.3823558789744304e-08	8.12198280326998e-09	0.9556216702849097
Cluster27	-1.500461073259485e-08	8.567442738136559e-09	0.9600573798623686
Cluster316	-1.691992113007193e-08	9.631923349699893e-09	0.9605112839178626
Cluster190	-1.3520729602909244e-08	7.678479020468786e-09	0.9608689826828071
Cluster380	-1.5616409979695268e-08	8.704298942991545e-09	0.9636016452305246
Cluster322	-1.5393558927093916e-08	8.578164361747375e-09	0.96363370019197
Cluster450	-1.7169508813071866e-08	9.521128453279593e-09	0.9643299207217337
Cluster448	-1.6512552264759715e-08	8.849199438108778e-09	0.9689788912679513
Cluster351	-1.7098626631860985e-08	9.082576493307938e-09	0.9701209705748001
Cluster396	-1.5517166941705534e-08	8.222273554383883e-09	0.9704340393995939
Cluster357	-1.724938125527854e-08	8.937945886905522e-09	0.9731906590421298
Cluster395	-1.8056477154425362e-08	9.324047417321167e-09	0.9735997674342208
Cluster12	-1.9054144767455035e-08	9.717405618875758e-09	0.9750503570902146
Cluster376	-1.7032771808315843e-08	8.656583919649648e-09	0.9754434741674558
Cluster367	-1.768882964127236e-08	8.952475243045226e-09	0.9759146309788167
Cluster29	-1.5707290923418798e-08	7.852897369240614e-09	0.977260152801221
Cluster366	-1.657670055216098e-08	8.172159851090516e-09	0.9787420987218923
Cluster50	-1.6870304117526793e-08	8.255980868668313e-09	0.9794937678031771
Cluster71	-1.9009880239952394e-08	9.068055094533446e-09	0.9819747304658598
Cluster20	-1.9477082277033546e-08	9.026930110439858e-09	0.9845230182161373
Cluster70	-1.8386366977530887e-08	8.482185883736498e-09	0.9849071426535685
Cluster69	-1.99616144322634e-08	9.164073850037622e-09	0.9853061657987394
Cluster407	-1.7796140882012325e-08	8.10039325029697e-09	0.9859879116666393
Cluster358	-1.9696743167722974e-08	8.92831006210696e-09	0.9863114941286011
Cluster14	-2.137421478141727e-08	9.677729538448092e-09	0.9863986951446084
Cluster5	-1.9825125307794578e-08	8.965888291827361e-09	0.9864880517865079
Cluster383	-1.93141341690211e-08	8.656180981731742e-09	0.9871678292474355
Cluster73	-1.904185810272255e-08	8.533509202034512e-09	0.9871733975216076
Cluster356	-1.8742374950667253e-08	8.275495904166839e-09	0.9882376403365586
Cluster82	-1.819302653670366e-08	7.995899135333103e-09	0.988555869960757
Cluster336	-2.3066651858228068e-08	9.623274813235142e-09	0.991734246169662
Cluster66	-2.1038156218530553e-08	8.688839528977126e-09	0.9922671251963178
Cluster382	-2.0274915328245984e-08	8.331627006490324e-09	0.9925229368967917
Cluster72	-2.1018449850433448e-08	8.618224141502641e-09	0.9926327076464838
Cluster9	-2.272784708555425e-08	9.280281674547884e-09	0.992838264519801
Cluster67	-2.2729775453994142e-08	9.120586387492263e-09	0.9936511958448411
Cluster384	-2.2186641829342363e-08	8.825643364873353e-09	0.9940295113805336
Cluster459	-2.0832928972518174e-08	8.117366968525364e-09	0.994862933467026
Cluster7	-2.208474114268259e-08	8.546257509777436e-09	0.9951189173350683
Cluster31	-2.0418140919862302e-08	7.671027901641601e-09	0.996112892941132
Cluster10	-2.377389013402151e-08	8.907114249226716e-09	0.9961971473540698
Cluster30	-1.9731385904449863e-08	7.2971498578891e-09	0.9965743339368951
Cluster64	-2.2887461972968363e-08	8.15573181476486e-09	0.9974943297386323
Cluster8	-2.3810800934060113e-08	8.444568682127008e-09	0.9975962618436836
Cluster75	-2.599955312560213e-08	9.09042384149849e-09	0.9978824862260935
Cluster77	-2.354444109927318e-08	8.126696531402082e-09	0.9981172862951299
Cluster68	-2.6491528818855098e-08	9.029986775522658e-09	0.9983254144117409
Cluster413	-2.4469953606439848e-08	8.164689563622088e-09	0.9986369539929941
Cluster24	-2.6961278135527636e-08	8.920271596590053e-09	0.9987464068697719
Cluster65	-3.153627917137283e-08	9.201499741239797e-09	0.9996951898615589
Cluster25	-2.988947784934661e-08	8.42795091397954e-09	0.9998047856470206
Cluster78	-2.9228453221409847e-08	8.227622024662082e-09	0.9998091901515673
Cluster80	-3.0043400783132214e-08	7.82082094157208e-09	0.9999388486204207
Cluster76	-3.3875327949224196e-08	8.60453563623604e-09	0.9999587321379593
Cluster79	-3.1163963043390346e-08	7.702756663376909e-09	0.9999739298000301
Cluster81	-3.080107726427848e-08	7.559978123599096e-09	0.9999769164177957
Cluster19	-3.563568555602949e-08	8.701476358881193e-09	0.9999789244324674
