Name	Coefficient	Coefficient_std_error	Coefficient_P_value
Cluster404	1.3380271530174115e-08	3.3911786874244086e-09	3.979839348000423e-05
Cluster126	1.5549911111324122e-08	4.677376902986513e-09	0.0004428958121498819
Cluster125	1.3086332702098522e-08	4.240966473904178e-09	0.0010153821279654503
Cluster188	1.0019845585869284e-08	3.3309840876998087e-09	0.0013145469103735307
Cluster250	1.0041688799101414e-08	3.4869542620184677e-09	0.0019897137256616516
Cluster136	1.1645477062069272e-08	4.215254580790993e-09	0.0028662855536070566
Cluster272	9.325751279263911e-09	3.5117419651256418e-09	0.003958475409350351
Cluster253	1.0596844329150818e-08	3.997001999181821e-09	0.004010338456620157
Cluster204	1.0000164011750949e-08	3.7732392121981565e-09	0.004021179925444426
Cluster122	1.0483760047095051e-08	4.158364484739219e-09	0.00584900088091976
Cluster168	1.068791738718263e-08	4.243023845891749e-09	0.005885455727819501
Cluster117	1.0800472527347224e-08	4.46911215206983e-09	0.007831108041018898
Cluster200	8.404407382778112e-09	3.50367245852034e-09	0.008225743741239919
Cluster252	9.308438452241654e-09	3.911114285300768e-09	0.008656400390662693
Cluster239	9.044337088499067e-09	3.877932379659086e-09	0.009843573009104736
Cluster124	9.467796147174167e-09	4.075558445860773e-09	0.010087771343424314
Cluster169	9.777379456573793e-09	4.2731993331821405e-09	0.011066720726983836
Cluster403	7.820112975482821e-09	3.422276828102039e-09	0.011154611345582677
Cluster127	1.0201611913521994e-08	4.556057154247615e-09	0.012573674733967073
Cluster364	8.865217492781504e-09	3.989615174779498e-09	0.013139175021976753
Cluster123	9.334112731871948e-09	4.220400566205647e-09	0.013494906071585617
Cluster137	8.399816936676797e-09	3.823767206294103e-09	0.014019560979651442
Cluster419	7.957107960395598e-09	3.7115555083756754e-09	0.016021485442073755
Cluster203	7.407647152008952e-09	3.4574840591526985e-09	0.016076779001781803
Cluster157	8.412559549146474e-09	3.945164153834667e-09	0.016488118133171546
Cluster186	1.0470004701525354e-08	4.9213017681892435e-09	0.0166898271896256
Cluster135	8.911735461683443e-09	4.228812398020563e-09	0.017542114003535246
Cluster120	8.548090424569028e-09	4.075631355844171e-09	0.017980596501502535
Cluster241	7.866615699323818e-09	3.7701297018043125e-09	0.018463796703522863
Cluster146	8.082094110083194e-09	3.94367493334442e-09	0.02021241662292947
Cluster148	8.284658822633367e-09	4.07605119281096e-09	0.021050480236866315
Cluster153	7.88447177104199e-09	3.9330574800496135e-09	0.022499312586084758
Cluster363	7.611338528638654e-09	3.796999519258517e-09	0.022504698570665532
Cluster142	8.64434411113388e-09	4.3170950339204935e-09	0.022623440581874866
Cluster270	6.941058221573469e-09	3.541403711011641e-09	0.024999430750420406
Cluster251	6.877593547691323e-09	3.522910684457235e-09	0.025454414090711665
Cluster256	7.973657270513058e-09	4.091947659702397e-09	0.025670320085499125
Cluster139	7.992547688123676e-09	4.146931899207198e-09	0.026968636442633993
Cluster132	7.049368647334968e-09	3.6668855222647e-09	0.027275186927521653
Cluster173	8.267249494681494e-09	4.321206753741707e-09	0.027862459734561175
Cluster242	7.070128170476163e-09	3.714517012020764e-09	0.02849565122353749
Cluster156	7.370040719574676e-09	3.895976243069211e-09	0.029265097396868778
Cluster175	8.279626678811293e-09	4.402700676420198e-09	0.030014601540752216
Cluster110	6.3946308747600545e-09	3.4038447174174053e-09	0.030146189799901305
Cluster368	6.951181804686891e-09	3.746603916720072e-09	0.031774650532795504
Cluster119	8.060564273170599e-09	4.386900290711166e-09	0.03307419464304601
Cluster277	7.440758242928298e-09	4.076565223154521e-09	0.03398151579387137
Cluster147	7.919393153623187e-09	4.340308674936069e-09	0.03402955949106836
Cluster172	7.860165561777374e-09	4.33540384288021e-09	0.034914516208424444
Cluster254	6.89516190709791e-09	3.823308553707639e-09	0.035658455275638684
Cluster187	8.189493403561433e-09	4.551393501380451e-09	0.035982647853747406
Cluster356	6.721903220118185e-09	3.83209639670448e-09	0.03970617427235512
Cluster395	7.241878568591127e-09	4.1420211206797826e-09	0.04019804481042986
Cluster221	6.941063489198627e-09	4.006080113521807e-09	0.04158052915352488
Cluster131	6.225385929952174e-09	3.6349654656712416e-09	0.043389428386278385
Cluster158	7.720584843987265e-09	4.532041565168267e-09	0.04423207001419967
Cluster376	6.033351182329152e-09	3.6097363156245774e-09	0.04732031162361811
Cluster162	7.550788606673877e-09	4.5253417658848635e-09	0.047602648797121366
Cluster184	6.740925682679613e-09	4.092558183128328e-09	0.04976691123837316
Cluster350	6.9876023977681196e-09	4.244983807545826e-09	0.04987317310175791
Cluster433	6.034349649003588e-09	3.6993651756774356e-09	0.051425625748723704
Cluster255	6.583925669902998e-09	4.040493345528172e-09	0.05160513181757582
Cluster217	5.980759411678111e-09	3.693760349507134e-09	0.0527072827169987
Cluster311	6.374167476005884e-09	3.957769146276369e-09	0.05363940520119452
Cluster38	6.432743438908882e-09	3.995964430674318e-09	0.05371967239915158
Cluster170	6.857005752660418e-09	4.2809365796327355e-09	0.05460504912554825
Cluster149	6.680018768668633e-09	4.1768388084228475e-09	0.05487696748248031
Cluster235	6.180960441497005e-09	3.927648622964541e-09	0.0577778278189274
Cluster421	6.238246655404825e-09	3.971278694295998e-09	0.058109814607116374
Cluster174	7.207238513155227e-09	4.610117243407777e-09	0.05898484805743539
Cluster386	5.555583560743367e-09	3.5703509107309567e-09	0.05985013197313116
Cluster259	6.0073908024587e-09	3.878688000893516e-09	0.060712459334987263
Cluster129	6.453493476280181e-09	4.199048293135629e-09	0.06215959518993518
Cluster177	6.204739464513976e-09	4.051887930552669e-09	0.06284508814762897
Cluster183	6.959989081324729e-09	4.545406308825816e-09	0.0628582747979666
Cluster243	5.619335994941429e-09	3.683770289299526e-09	0.06357586317835752
Cluster230	5.328365699989927e-09	3.4952828199190737e-09	0.063698818743526
Cluster116	6.416672319928714e-09	4.236844459011432e-09	0.06495039269611882
Cluster278	6.080116497104604e-09	4.051780180214978e-09	0.06672904155657917
Cluster121	6.292532812740383e-09	4.232262176465999e-09	0.06853365194726604
Cluster309	5.660278860566564e-09	3.827117948008301e-09	0.06957115550807401
Cluster205	5.19844152498253e-09	3.5195153188128214e-09	0.06983334801340445
Cluster231	5.367965813161845e-09	3.6376914407969e-09	0.07001869983278707
Cluster94	6.2350485198197e-09	4.254946840140282e-09	0.07141073366942702
Cluster447	5.43130980132201e-09	3.764548134867393e-09	0.07454515568547825
Cluster425	5.939387703649259e-09	4.120491290125219e-09	0.07473203305038689
Cluster106	5.760615759485155e-09	4.033190605658572e-09	0.07660242089762326
Cluster416	5.875065653591319e-09	4.138383047115865e-09	0.07785444306061307
Cluster178	5.4673739420374464e-09	3.852303138949761e-09	0.07791334744601137
Cluster268	5.208998088129622e-09	3.6724488660661794e-09	0.0780371422289446
Cluster202	4.889206448703904e-09	3.4691110507032306e-09	0.07936522048118244
Cluster428	4.989798033065996e-09	3.545087830445052e-09	0.07963595639818072
Cluster374	5.936942747448831e-09	4.2710070624477096e-09	0.08225580303368224
Cluster228	5.002882247156376e-09	3.61033109157787e-09	0.0829172988422826
Cluster262	5.292242986731818e-09	3.832534362012463e-09	0.08365901594393493
Cluster365	5.173033911889454e-09	3.775156217291802e-09	0.0852992258057012
Cluster109	4.918960275528295e-09	3.640504000862639e-09	0.08831959007503132
Cluster264	5.158606038163519e-09	3.826161878671516e-09	0.08878969622017968
Cluster176	5.327408338608587e-09	3.986958669776406e-09	0.09074055552338439
Cluster279	5.483785407248602e-09	4.127967124669389e-09	0.09201524614896422
Cluster249	5.180477366345596e-09	3.901895962194283e-09	0.09214157717125654
Cluster100	5.210797134711913e-09	3.9291382520165714e-09	0.09238782593162154
Cluster446	4.872545825847695e-09	3.6958191192822483e-09	0.09368589079909972
Cluster219	4.9959226721570235e-09	3.7926589180000946e-09	0.09387553267311982
Cluster417	5.214396619878807e-09	3.962882293236167e-09	0.09411906055965619
Cluster375	5.6341159479750395e-09	4.289279643020653e-09	0.09450148485558302
Cluster88	5.905585757149675e-09	4.514223569824299e-09	0.09539979340040827
Cluster357	4.839966683172533e-09	3.7071618688004277e-09	0.09584907609829746
Cluster287	4.545651583543169e-09	3.5131446121015088e-09	0.09785028857147493
Cluster138	4.83215679438556e-09	3.750391164721963e-09	0.09879629115826977
Cluster134	4.8789558130344525e-09	3.795443781880288e-09	0.09931281865975244
Cluster390	5.428416788101356e-09	4.229701248447372e-09	0.09967523333963085
Cluster434	5.943106561586548e-09	4.663977210300578e-09	0.1012861389386554
Cluster369	5.153570691953252e-09	4.057423125217156e-09	0.1020140787425668
Cluster283	4.266641288837589e-09	3.3632730754291833e-09	0.10229225004908671
Cluster310	5.1411569188654056e-09	4.068904547553899e-09	0.10320053550329189
Cluster384	5.087480082538249e-09	4.073431459851024e-09	0.10584312407733476
Cluster430	4.800682625692797e-09	3.889434414285392e-09	0.10854778371929719
Cluster260	5.103256245929921e-09	4.135403129603055e-09	0.10859384797831523
Cluster432	5.549540639675799e-09	4.503573964089633e-09	0.10892737363464888
Cluster201	4.350536742728361e-09	3.6190258617919493e-09	0.11465673312757885
Cluster424	4.472323844164177e-09	3.725801531356922e-09	0.11499869900497822
Cluster171	5.788454717303009e-09	4.912690645292867e-09	0.11934535541623847
Cluster347	4.652378158180189e-09	3.978959032249322e-09	0.12115245739722164
Cluster266	4.692875922789148e-09	4.017900783557822e-09	0.12140499839837038
Cluster182	5.168254310984377e-09	4.454692030622535e-09	0.12298732034965493
Cluster393	4.5409739622990804e-09	3.915795178037256e-09	0.12309451894828344
Cluster0	4.99485838187374e-09	4.309887181518869e-09	0.12324232035038757
Cluster90	5.038887442214975e-09	4.400863963858373e-09	0.1261093696732356
Cluster452	4.88524066378018e-09	4.2832043163711236e-09	0.12702706283600973
Cluster96	4.55764743219344e-09	4.0221599544554116e-09	0.1285789281709815
Cluster118	4.687332721880008e-09	4.26661118532421e-09	0.13596956684858041
Cluster2	5.536425730250616e-09	5.069511280256774e-09	0.1373940345730464
Cluster392	4.3571871041159695e-09	4.009390608012456e-09	0.13857465513006972
Cluster378	4.0136015800732504e-09	3.702853984731754e-09	0.13919989071567124
Cluster269	3.7178476007546158e-09	3.4832254701844055e-09	0.14290516615884946
Cluster391	3.9902556721454995e-09	3.746596698186303e-09	0.14343010267589285
Cluster388	4.578323515437878e-09	4.307266582642232e-09	0.14390681445846387
Cluster438	4.358393085627515e-09	4.106800992591388e-09	0.14428535580793345
Cluster227	3.5081190872692906e-09	3.3306395367409617e-09	0.1461047539990229
Cluster189	4.315548026098669e-09	4.1088179908564246e-09	0.1467869430670763
Cluster400	4.252289075729988e-09	4.085816572361552e-09	0.14899718862306494
Cluster413	3.811517422535376e-09	3.715804302046932e-09	0.15250274295939514
Cluster348	4.266173011937064e-09	4.1827280902227544e-09	0.15387611582965305
Cluster238	4.029892583416869e-09	3.974271852634122e-09	0.15529252126854826
Cluster293	4.094094143921931e-09	4.039611596723913e-09	0.15541378318335003
Cluster354	3.974003347004148e-09	3.927209892017712e-09	0.15578930269306568
Cluster248	3.9902955087870375e-09	3.950268332949918e-09	0.15621584102190073
Cluster258	3.910995066204975e-09	3.917440697501639e-09	0.15905371233764382
Cluster155	3.463525390790509e-09	3.5110218481792004e-09	0.1619507292226312
Cluster257	3.800572048295462e-09	3.867865219117396e-09	0.16290168314407955
Cluster159	4.043922903304419e-09	4.117481548330235e-09	0.1630166625970052
Cluster340	4.21869822717305e-09	4.299606230167382e-09	0.16325138554617313
Cluster435	4.124015147374845e-09	4.2224506166835185e-09	0.16436191861618582
Cluster185	4.303489496178576e-09	4.4813695702740166e-09	0.1684504242027916
Cluster265	3.761710468035088e-09	3.9952046230824e-09	0.1732099013383102
Cluster439	3.467355951028184e-09	3.6826189349769388e-09	0.1732125065911982
Cluster280	3.689645514905079e-09	3.9340266142292544e-09	0.174152999785114
Cluster108	3.743246122338282e-09	3.9918509096041475e-09	0.17419366649084
Cluster220	3.996286494047882e-09	4.26599737037312e-09	0.17443674329972603
Cluster273	3.115792467520195e-09	3.3366465070313e-09	0.17520106391466078
Cluster332	3.2363732186180264e-09	3.4966859292775236e-09	0.17733878744667558
Cluster102	3.6998927884711514e-09	3.998172360388463e-09	0.1773799742372238
Cluster128	3.2873353019456133e-09	3.5750394444695924e-09	0.17891072561697974
Cluster240	3.183781052523643e-09	3.493885414751663e-09	0.18108349319121964
Cluster179	3.4032062727804295e-09	3.804392051619364e-09	0.18551473328984242
Cluster113	4.012908749101824e-09	4.510447847349939e-09	0.18681568215243477
Cluster83	3.2647162711122788e-09	3.6916711670102694e-09	0.1882546118636952
Cluster275	3.13004521122017e-09	3.5423846085485805e-09	0.1884565338110905
Cluster92	3.783599662072123e-09	4.283459653622873e-09	0.18853585664560052
Cluster37	3.2940455019157607e-09	3.777715635802122e-09	0.1916130363242109
Cluster288	3.362226635230623e-09	3.857421407241422e-09	0.19170637348721403
Cluster274	3.1246526119420627e-09	3.6364712307427915e-09	0.19510018620157266
Cluster85	3.5927200325672087e-09	4.1851540254532e-09	0.19532369188128967
Cluster141	3.6272819731707584e-09	4.276201255018683e-09	0.1981497522078755
Cluster140	3.897820699118127e-09	4.6035518962908e-09	0.1985815845624408
Cluster5	3.5448390552731242e-09	4.189079165642617e-09	0.19871791037628972
Cluster143	3.406034586250978e-09	4.051494643195984e-09	0.20026194937362413
Cluster247	3.1399332457653325e-09	3.794269013029947e-09	0.20396374816765211
Cluster232	2.7173328283722787e-09	3.3168815667530683e-09	0.20632382230497243
Cluster440	3.417400948896434e-09	4.174261862812962e-09	0.20648339455221654
Cluster312	3.2257823340480894e-09	4.0471192969915505e-09	0.21270913846694856
Cluster181	3.2935665696486232e-09	4.150319297977736e-09	0.21372306397721208
Cluster401	2.647824073842373e-09	3.344826621255453e-09	0.21429180136681558
Cluster261	3.210880667340829e-09	4.067253063383674e-09	0.21492540196103987
Cluster281	3.0434866300313178e-09	3.858316766681647e-09	0.2151109425104748
Cluster456	2.974982339990876e-09	3.7789937950976165e-09	0.2155701302637052
Cluster104	3.1646298687130833e-09	4.031152404276407e-09	0.21621404123834836
Cluster394	3.19985221064421e-09	4.080858358964831e-09	0.21648703914866096
Cluster367	3.4082812740304266e-09	4.3532969549151946e-09	0.21683717943880804
Cluster317	2.719633772397625e-09	3.5247773739195597e-09	0.22018278449252288
Cluster420	3.1147786682606256e-09	4.038111767245178e-09	0.22025113417230907
Cluster224	3.2056410993342193e-09	4.159348262783383e-09	0.22044014860055489
Cluster233	2.7142506973700405e-09	3.5224728407932864e-09	0.22048607525561037
Cluster294	2.893938307342092e-09	3.761276302486517e-09	0.22082697234396365
Cluster377	2.9680258089838647e-09	3.8586297231863766e-09	0.2208897698196668
Cluster216	3.0372984516498955e-09	3.951404517727155e-09	0.22104669753945944
Cluster366	2.630779866180912e-09	3.4306761541046857e-09	0.22158831114925182
Cluster405	3.182231647585934e-09	4.1729291008198924e-09	0.2228541434863942
Cluster325	3.1625810638349274e-09	4.275109638270673e-09	0.2297209746009462
Cluster105	2.9807589817071874e-09	4.0623544496681855e-09	0.2315500789937791
Cluster163	3.0891329953986753e-09	4.263002820592918e-09	0.23433713071869589
Cluster39	2.733442999752961e-09	3.848275647842727e-09	0.2387580282497303
Cluster290	2.5723946952008738e-09	3.750498737774212e-09	0.24639417118341578
Cluster427	2.370132872958244e-09	3.49054848390382e-09	0.24856435185261277
Cluster199	2.5974558489968696e-09	3.924718927567314e-09	0.25404342669803426
Cluster271	2.2056026617527285e-09	3.3570396297297978e-09	0.2555878126346895
Cluster429	2.251103404922077e-09	3.440729121374797e-09	0.25647477964491483
Cluster114	2.6614993952886007e-09	4.068240644660892e-09	0.25648701826280074
Cluster87	2.741526998755561e-09	4.197460711266272e-09	0.25683320469583903
Cluster324	2.7246900632434177e-09	4.176872601440253e-09	0.2570948689071273
Cluster329	2.3235130152265266e-09	3.5968123214070323e-09	0.2591421754598976
Cluster133	2.322436012155822e-09	3.728336157433383e-09	0.26667023471285245
Cluster327	2.479671940794607e-09	3.990739348846045e-09	0.2671825345020332
Cluster436	2.4103145948921427e-09	3.891821033475907e-09	0.26785007857114895
Cluster99	2.395922880826232e-09	3.903883263118776e-09	0.2696975062238535
Cluster107	2.6767369448243155e-09	4.3643925095582155e-09	0.2698348297479408
Cluster328	2.1373803535679427e-09	3.519219046004847e-09	0.27181096549992634
Cluster198	2.412313817228499e-09	4.020854669795172e-09	0.27426960866316485
Cluster355	2.3979308371616263e-09	4.047699188508302e-09	0.2767852769355604
Cluster225	2.1275533037652992e-09	3.5917994009257803e-09	0.27681269367788264
Cluster167	2.2284810169240794e-09	3.797183038354259e-09	0.27864301504233446
Cluster389	2.3656049331039465e-09	4.054232081724759e-09	0.27978165584848735
Cluster333	2.084668431694342e-09	3.59304022975601e-09	0.2808911444515231
Cluster316	2.2867809540211513e-09	3.977016843134726e-09	0.282645965715505
Cluster222	2.2087471815215926e-09	3.85756248048389e-09	0.28346595187639934
Cluster213	2.3520660541903312e-09	4.1342092795709175e-09	0.2847026131907502
Cluster371	2.2975167293423387e-09	4.040584053157107e-09	0.2848103990847062
Cluster336	2.258826485733498e-09	4.026624997051685e-09	0.2874080918367102
Cluster206	2.0901785746936746e-09	3.734414739074336e-09	0.2878396073964827
Cluster196	2.330741617841451e-09	4.17751745679425e-09	0.2884477840763706
Cluster338	2.0825193568101058e-09	3.745387049535031e-09	0.28909774715577485
Cluster437	2.1129235070552717e-09	3.876743000950204e-09	0.2928680151426921
Cluster152	1.9787347086825717e-09	3.6666090437649732e-09	0.29471459196993777
Cluster373	1.9890944042085423e-09	3.738329328467435e-09	0.29733491132137274
Cluster299	2.0855389296504444e-09	3.958240795016895e-09	0.2991366177354689
Cluster337	2.0907396307664734e-09	4.023472059250752e-09	0.3016587631174642
Cluster449	2.1629703043981153e-09	4.228824868575334e-09	0.30450658748444603
Cluster93	2.054253393242175e-09	4.024817404343928e-09	0.30488679531027774
Cluster407	1.80695742543643e-09	3.6257675878666063e-09	0.3091132294464247
Cluster445	1.7843281872687369e-09	3.5935273368940334e-09	0.3097569207980603
Cluster387	1.8132829405978043e-09	3.7201959586487755e-09	0.3129817874382114
Cluster84	2.0627868659698714e-09	4.290536717201581e-09	0.31533787246868683
Cluster289	1.8143499808695004e-09	3.829951954223459e-09	0.3178474538291334
Cluster410	1.9036184067389325e-09	4.0598226490798494e-09	0.3195734134633659
Cluster297	1.9294755276880835e-09	4.147801600111488e-09	0.32090117815839936
Cluster91	1.786547061770017e-09	3.955087937394324e-09	0.3257394767549818
Cluster112	1.6856474011670208e-09	3.759985112616974e-09	0.3269639290303039
Cluster1	2.209016258024033e-09	4.93159394716509e-09	0.32710131814628945
Cluster444	1.7011233809100744e-09	3.8070817605180905e-09	0.3274984266241252
Cluster234	1.5421614470271294e-09	3.464291723860629e-09	0.32810234268171146
Cluster223	1.5790855169081704e-09	3.6294163224956298e-09	0.3317522736522062
Cluster130	1.6520481843616411e-09	3.839064147517497e-09	0.33347934674736823
Cluster330	1.6156280546833621e-09	3.895745339349626e-09	0.3391748967923083
Cluster418	1.5252815602549423e-09	3.6829732030400934e-09	0.3393842949715259
Cluster396	1.5812812678209517e-09	3.889153575374865e-09	0.34215548613887237
Cluster229	1.3412316617760445e-09	3.3044507663060943e-09	0.34241303158920233
Cluster245	1.5568314638660275e-09	3.839918780400377e-09	0.3425794689555222
Cluster97	1.5372136952971792e-09	3.8292337816712484e-09	0.344047517299121
Cluster282	1.4027765851522078e-09	3.502903698935625e-09	0.3444084734506551
Cluster423	1.3921463463113207e-09	3.4973069992261796e-09	0.34529210227481144
Cluster285	1.6194055352515729e-09	4.085883568246402e-09	0.34592652975012894
Cluster34	1.3424836333572024e-09	3.4125171327880784e-09	0.34701210047265585
Cluster339	1.7784125842971464e-09	4.537813620533188e-09	0.34756251587009246
Cluster211	1.44948982984972e-09	3.7101513979323228e-09	0.3480161067661002
Cluster381	1.4689317035730473e-09	3.764781440356144e-09	0.3482027774068641
Cluster343	1.365305730198499e-09	3.5618940732474215e-09	0.35074536728925954
Cluster195	1.6131163154478064e-09	4.301826586619397e-09	0.35383616792604217
Cluster326	1.467724140954671e-09	3.917562826240787e-09	0.35395951510269863
Cluster372	1.303348804979282e-09	3.577098064347394e-09	0.3577948765737935
Cluster160	1.4609728024766404e-09	4.047487872734996e-09	0.3590654522605869
Cluster165	1.6267972788368322e-09	4.515273592793959e-09	0.35931601970049915
Cluster164	1.4765079838505032e-09	4.131402030549628e-09	0.36040118001006916
Cluster318	1.256781158463791e-09	3.6678487096088723e-09	0.3659316297056658
Cluster180	1.534767113577046e-09	4.5034613957701455e-09	0.36662812259484223
Cluster86	1.3453502900110958e-09	3.983673907286665e-09	0.36778862014305125
Cluster412	1.2775064958178145e-09	3.8364971635905155e-09	0.36957177120017237
Cluster150	1.1757438159534494e-09	3.5854764508171585e-09	0.3714866684295913
Cluster411	1.2582973555076962e-09	3.864868522042606e-09	0.37237367095239343
Cluster98	1.1787403685209705e-09	3.6258791182194434e-09	0.37255613144983724
Cluster226	1.1982783403533608e-09	3.6983574953635737e-09	0.3729679411827349
Cluster111	1.1726857065655322e-09	3.810709591566513e-09	0.3791422930584232
Cluster244	1.1443069624640414e-09	3.803798194560936e-09	0.38177102772460914
Cluster115	1.1357777236203224e-09	3.837113543510397e-09	0.3836158253841345
Cluster101	1.131815950227082e-09	3.934298281985307e-09	0.3867961402895544
Cluster286	1.0508971608586105e-09	3.6670923688689596e-09	0.3872188622381114
Cluster295	1.0416835288577625e-09	3.6401309538391034e-09	0.38737530081215404
Cluster218	1.0990728086869448e-09	3.87778695280768e-09	0.38842444202648824
Cluster402	1.1831911396776655e-09	4.1868544383923064e-09	0.3887430150276572
Cluster144	1.1190735669786994e-09	4.090514145468302e-09	0.3922045757854898
Cluster35	9.116247909376431e-10	3.3827588428092495e-09	0.3937757370621999
Cluster95	1.1289277021181821e-09	4.278506801756103e-09	0.39594381867164724
Cluster304	1.0540491441243966e-09	4.052949114296458e-09	0.39740501596338995
Cluster11	1.053901671351379e-09	4.124276773984357e-09	0.39915452606126756
Cluster301	1.102737513508096e-09	4.389507864962191e-09	0.4008215403359104
Cluster212	1.0057882052306325e-09	4.009551011506859e-09	0.40096578050346765
Cluster284	9.360181002987781e-10	3.765593969615214e-09	0.40184625566484483
Cluster313	9.165229470244612e-10	3.6941587559849516e-09	0.4020282916490632
Cluster263	9.161755869609132e-10	3.838133929264578e-09	0.4056677932639397
Cluster154	9.349481788857498e-10	3.9873061739128894e-09	0.40730572865267634
Cluster296	8.919270852389914e-10	3.856047582439071e-09	0.4085385284535919
Cluster210	8.604936401620261e-10	3.853965501103554e-09	0.4116607928354039
Cluster344	8.290375799447559e-10	3.844876279569268e-09	0.41464143935353565
Cluster308	7.396846014294237e-10	3.925362731118188e-09	0.4252669464026851
Cluster431	7.498024478860404e-10	4.031089806764787e-09	0.4262204601995998
Cluster191	7.389208466407297e-10	4.2130988583435e-09	0.43038795667637675
Cluster397	6.58081168185375e-10	3.7931466622712484e-09	0.4311322990140749
Cluster406	5.782977458736932e-10	3.3360359246475945e-09	0.4311886429438359
Cluster298	6.389096547832627e-10	3.777416320545561e-09	0.4328435259772665
Cluster6	6.715198412671421e-10	4.053886382609387e-09	0.4342168231861018
Cluster207	6.163910783159524e-10	3.751565007181882e-09	0.4347465521096142
Cluster103	6.360336429340033e-10	4.000212819976878e-09	0.43683445616231503
Cluster315	5.703953816135994e-10	3.75175313860101e-09	0.43957991824238285
Cluster442	6.513488996491333e-10	4.302070848625535e-09	0.43982868538308234
Cluster321	4.4156596425023287e-10	3.552353295077848e-09	0.4505379320245004
Cluster399	4.878679519154983e-10	3.971312597073899e-09	0.45111371764114133
Cluster79	4.252475164214711e-10	3.7531019961718975e-09	0.4548941343086673
Cluster323	3.8944737939639803e-10	4.098703761735435e-09	0.46215058019618227
Cluster145	3.9273312380862444e-10	4.414493789055211e-09	0.46455507135576923
Cluster453	3.49665702938274e-10	3.973213614394025e-09	0.46493604712864256
Cluster335	3.087125444943686e-10	3.578465602556192e-09	0.4656260799726686
Cluster409	2.987602762192608e-10	3.830046896520451e-09	0.468912300773815
Cluster422	2.9073467118245754e-10	3.738770566509564e-09	0.46900864528775915
Cluster370	2.686217241597447e-10	3.882397650742754e-09	0.47241933180613616
Cluster291	2.390330978468965e-10	3.642181768533885e-09	0.47383656179355405
Cluster21	2.636301414535628e-10	4.180456364563862e-09	0.4748583570865894
Cluster331	1.8473743088059994e-10	3.739974588440124e-09	0.4803021086879146
Cluster451	1.9657901202690486e-10	4.244331504983895e-09	0.4815293291851779
Cluster237	1.1405021517125828e-10	3.969990170026421e-09	0.4885407284966708
Cluster334	3.610279902992421e-11	3.5134190755180208e-09	0.4959006656475491
Cluster305	-7.149867261486563e-12	3.7630876077047185e-09	0.500757989962243
Cluster32	-5.966288417995794e-11	3.5289325819416295e-09	0.506744507762546
Cluster80	-8.4052941982414e-11	3.748130221080499e-09	0.5089456502451011
Cluster408	-1.577775982089312e-10	3.968795883573418e-09	0.5158555846349695
Cluster441	-1.9368468876284841e-10	4.156981448463505e-09	0.5185810460318282
Cluster193	-2.2399878556201015e-10	4.2888227230086914e-09	0.5208266886396251
Cluster161	-2.3177617597212922e-10	3.953262387132961e-09	0.5233762299379927
Cluster385	-2.2753948434720858e-10	3.6200852441738028e-09	0.5250589085376709
Cluster380	-2.6943774853004386e-10	3.797117284710607e-09	0.5282846079783957
Cluster31	-2.854461837931307e-10	3.883645345784968e-09	0.5292956987702438
Cluster415	-3.232773184423433e-10	4.289202155332012e-09	0.5300398501820143
Cluster303	-3.39025660925098e-10	4.358748681561044e-09	0.5309986717326922
Cluster89	-3.262675116587755e-10	4.151297480309629e-09	0.5313222618716746
Cluster342	-3.0910431946214365e-10	3.859374531113024e-09	0.5319178846161075
Cluster460	-3.2202139198596783e-10	4.007528606718307e-09	0.5320221878789524
Cluster319	-2.8961142071272504e-10	3.582199582418262e-09	0.53221833286414
Cluster22	-3.4384220601578045e-10	4.000803231802854e-09	0.5342442521781129
Cluster450	-4.6497415894643016e-10	4.149564076206139e-09	0.54460960031412
Cluster78	-4.0738831626245827e-10	3.6213332844360026e-09	0.5447852367168161
Cluster190	-4.907791546309785e-10	4.18384910213192e-09	0.5466901305967338
Cluster345	-4.6053540855034816e-10	3.708243894673173e-09	0.549418498130832
Cluster7	-5.028983367895931e-10	4.003631624394321e-09	0.5499798909761665
Cluster383	-4.959652164716248e-10	3.8377371390429695e-09	0.5514136598739843
Cluster358	-5.068688159807102e-10	3.8436714489035645e-09	0.552456838427639
Cluster353	-5.846031473920956e-10	4.2722623554218416e-09	0.5544201429968617
Cluster3	-6.372975912087057e-10	4.418875387681116e-09	0.557337285469976
Cluster454	-7.218082783609434e-10	4.054962506382102e-09	0.5706409284371977
Cluster349	-7.249273414797836e-10	3.992611840941604e-09	0.5720388031308341
Cluster10	-8.132798203722541e-10	4.049590722223238e-09	0.5795842976829838
Cluster197	-8.326820524477162e-10	4.02393485625478e-09	0.5819686305445088
Cluster320	-7.087563616911851e-10	3.387091682534734e-09	0.5828743148977603
Cluster151	-8.132144536572728e-10	3.688864783107563e-09	0.5872400902662582
Cluster398	-8.365276508862116e-10	3.691321892232153e-09	0.5896404103225446
Cluster426	-8.233753569727448e-10	3.6160748579971534e-09	0.5900597382931747
Cluster362	-9.649593464855043e-10	4.10822358731816e-09	0.5928509329834366
Cluster443	-1.0245813335187022e-09	4.22350724885451e-09	0.5958385507752072
Cluster208	-9.27948486375642e-10	3.815740578689126e-09	0.5960707446930282
Cluster292	-9.27013061175761e-10	3.740816677341884e-09	0.5978594237460811
Cluster166	-1.100953751999061e-09	4.3684732596119985e-09	0.5994881814283356
Cluster379	-1.081324271095583e-09	3.882592301731608e-09	0.6096879231661958
Cluster448	-1.0407980580890496e-09	3.703413191015869e-09	0.6106591888125033
Cluster4	-1.0951218894535748e-09	3.8042290583989445e-09	0.6132767201960349
Cluster8	-1.236391638355941e-09	3.803984552109563e-09	0.6274190797289652
Cluster236	-1.3644651838467083e-09	4.082203571139682e-09	0.630903491701996
Cluster360	-1.234206734386166e-09	3.6611819328395382e-09	0.6319815374947195
Cluster194	-1.5442075446005538e-09	4.5606351520239536e-09	0.6325425160822749
Cluster361	-1.555538240213342e-09	4.174411040175276e-09	0.6452905269689616
Cluster192	-1.8280393254145035e-09	4.6754794477693366e-09	0.6520956006502625
Cluster300	-1.6599618425521883e-09	4.0847961041641995e-09	0.6577667111827823
Cluster42	-1.4990656445171385e-09	3.6605879130506992e-09	0.6589191179677969
Cluster351	-1.7066358715244792e-09	4.141959663023858e-09	0.6598434267042144
Cluster214	-2.053066938839551e-09	4.133015319220352e-09	0.6903166023092394
Cluster77	-1.8318294423351584e-09	3.686283774582964e-09	0.6903812177466132
Cluster302	-1.9983290571361167e-09	4.019204530953339e-09	0.6904742844167087
Cluster41	-1.964376537391598e-09	3.853405417111849e-09	0.6948960663006252
Cluster30	-1.9412367812867017e-09	3.670574560982443e-09	0.7015502940496102
Cluster33	-1.9550498040170353e-09	3.4752870438582077e-09	0.7131319797558173
Cluster276	-2.1806938435519863e-09	3.796321800758302e-09	0.7171591400936668
Cluster306	-2.2361370682387543e-09	3.736153408491041e-09	0.7252512173316064
Cluster36	-2.1199844398520363e-09	3.534072144547659e-09	0.7257036162900921
Cluster215	-2.4542943532971568e-09	4.031153646341064e-09	0.7286820188446701
Cluster47	-2.24062227912248e-09	3.6206188244184865e-09	0.731992621119713
Cluster46	-2.2996487395140684e-09	3.6451900059257973e-09	0.7359379280404629
Cluster458	-2.404637157166445e-09	3.806883308670918e-09	0.7361938546713064
Cluster314	-2.818394991192912e-09	4.159380833255335e-09	0.7509872155272641
Cluster359	-2.846062377015377e-09	4.097961897602536e-09	0.7563177790056735
Cluster209	-2.46006352541527e-09	3.5414918098160528e-09	0.7563596774109707
Cluster341	-2.709119628099578e-09	3.738696236607138e-09	0.7656562221292613
Cluster246	-3.0140032915967623e-09	4.099204157537155e-09	0.7689110848390386
Cluster48	-2.8050940075990075e-09	3.6786022213602167e-09	0.7771321377881042
Cluster414	-2.955223937190505e-09	3.821427552854869e-09	0.780336398275064
Cluster322	-2.8235177637322085e-09	3.5563371061017185e-09	0.7863847766762218
Cluster457	-3.4630194035187135e-09	4.097124429472114e-09	0.8010092538197833
Cluster18	-3.5976408780746066e-09	4.196616243865056e-09	0.8043526628562214
Cluster45	-3.188173049997208e-09	3.487811514403199e-09	0.8196651782089872
Cluster51	-3.3427049098524275e-09	3.641512057991956e-09	0.8206759627572398
Cluster81	-3.3358937341657833e-09	3.626299775041218e-09	0.821191855260176
Cluster14	-3.996618023503911e-09	4.213205220391402e-09	0.8285862367410698
Cluster12	-3.855785740767329e-09	3.890244727227955e-09	0.8391919267837042
Cluster382	-4.000105768132681e-09	3.887676357743633e-09	0.8482412329937667
Cluster352	-4.2715432064964616e-09	4.120571484874741e-09	0.850047827467921
Cluster23	-4.084466302428739e-09	3.911296927750296e-09	0.8518207170928305
Cluster82	-3.780692559308481e-09	3.6104040893537805e-09	0.8524884978582541
Cluster72	-3.9234012983584075e-09	3.745274812276693e-09	0.8525793874446456
Cluster68	-4.3121004933021984e-09	4.041134521022217e-09	0.8570258123596244
Cluster64	-3.740406333393242e-09	3.5043634460902514e-09	0.8570946374619441
Cluster459	-4.150135738069681e-09	3.811496728687891e-09	0.8618892590454142
Cluster50	-4.398589528660259e-09	3.873585954417494e-09	0.8719242304561616
Cluster15	-4.822437819858392e-09	4.203650817201483e-09	0.8743509861410033
Cluster17	-4.589805598127976e-09	3.988371542753684e-09	0.8750920993017961
Cluster28	-4.7394336836224215e-09	4.071066696279624e-09	0.8778234310107575
Cluster66	-4.737139811322748e-09	4.061570381525455e-09	0.8782598951806201
Cluster267	-4.18707034645465e-09	3.5660791292275194e-09	0.879830197219106
Cluster16	-4.984945231722453e-09	4.214780483979812e-09	0.8815418163850979
Cluster9	-4.988740843878663e-09	4.210651651820352e-09	0.8819498912467543
Cluster69	-5.0104409275367845e-09	4.160897241497152e-09	0.8857386780777066
Cluster25	-4.888798260521977e-09	3.976689932804449e-09	0.8905322635692525
Cluster307	-4.609257606778107e-09	3.7185837255986452e-09	0.8924234422785549
Cluster49	-5.05458935806569e-09	3.906082560787692e-09	0.902172530048122
Cluster43	-5.0215907892662914e-09	3.67736222987818e-09	0.9139585428645752
Cluster40	-4.979256006134054e-09	3.5840475283297244e-09	0.9176266318228308
Cluster59	-5.107634471958275e-09	3.596630290384094e-09	0.9222131345898704
Cluster44	-4.899212760072033e-09	3.345341388506996e-09	0.9284696882518673
Cluster73	-5.576141649788842e-09	3.7170644842733516e-09	0.9332117839832076
Cluster346	-5.556723285908662e-09	3.625283054389017e-09	0.9373336706761386
Cluster24	-6.169518694002884e-09	3.8907129712797434e-09	0.9435967518485102
Cluster75	-6.542819435449833e-09	3.770114680885123e-09	0.9586688224594546
Cluster76	-6.420279925550444e-09	3.6648291440349816e-09	0.9601013475582798
Cluster455	-6.714345582340459e-09	3.776649201970575e-09	0.9622864011068873
Cluster74	-6.726615512928918e-09	3.772336885232438e-09	0.9627184729636413
Cluster20	-7.160774218464754e-09	3.992067394949653e-09	0.9635735261838878
Cluster70	-6.8084110818304576e-09	3.776950927239217e-09	0.9642761221673372
Cluster62	-6.2173788708321206e-09	3.3594063329709607e-09	0.9678963280779899
Cluster56	-6.6111773955517675e-09	3.5567857994601327e-09	0.9684687443760728
Cluster71	-7.223515736041311e-09	3.847808143032284e-09	0.9697619599367384
Cluster27	-6.990963861500158e-09	3.5242367545651073e-09	0.9763543310503977
Cluster26	-7.75299699083568e-09	3.860271953214439e-09	0.9776999671187515
Cluster60	-7.1834654374528795e-09	3.414840754294249e-09	0.9822934051721617
Cluster65	-8.186896597477874e-09	3.6972924703544545e-09	0.9865957572318559
Cluster13	-8.595556286291611e-09	3.842710107657053e-09	0.9873518437877009
Cluster53	-8.135395004950628e-09	3.580267504922827e-09	0.9884654067062473
Cluster58	-8.288813176753355e-09	3.576065626199197e-09	0.9897714866613103
Cluster54	-7.939719030771001e-09	3.4239991912836156e-09	0.9897982442447929
Cluster67	-9.47245586513933e-09	3.959982446341348e-09	0.9916226040202177
Cluster29	-9.27526207589282e-09	3.852641694032065e-09	0.9919690741644849
Cluster52	-8.950423922311733e-09	3.5903465844799847e-09	0.9936650168408547
Cluster19	-1.000137738618071e-08	3.7223060852556277e-09	0.9963938211492636
Cluster57	-9.287733715450405e-09	3.4019844406724033e-09	0.9968341764059634
Cluster63	-9.535394758626994e-09	3.2142054710407153e-09	0.9984946401813527
Cluster61	-1.0298574164423433e-08	3.391929746596973e-09	0.9988020946166905
Cluster55	-1.0945682914266878e-08	3.2653885446654357e-09	0.9995988945053518
