Name	Coefficient	Coefficient_std_error	Coefficient_P_value
Cluster405	8.196826277779718e-09	2.19259738946083e-09	9.2594172268904e-05
Cluster139	6.618525007742703e-09	1.7795143439704277e-09	9.989287301552262e-05
Cluster439	5.468030780187083e-09	1.5658886533434397e-09	0.00023973915510447813
Cluster146	6.1079391797435186e-09	1.7629821229408721e-09	0.00026555999759165865
Cluster406	6.196533262305309e-09	1.8011666500190618e-09	0.0002905469954154462
Cluster243	5.2253525699394355e-09	1.5322794026002867e-09	0.0003245969843003991
Cluster178	5.381399000167603e-09	1.607453951206878e-09	0.000407311168601418
Cluster244	5.404058904851612e-09	1.6371224688974624e-09	0.0004817907983176062
Cluster250	5.0383301342419136e-09	1.564721370626446e-09	0.0006410568431216172
Cluster239	6.0260867059218456e-09	1.9080084995607343e-09	0.0007934273149699414
Cluster249	5.872639806089439e-09	1.8599809284348244e-09	0.0007960080222486705
Cluster329	5.748320081576691e-09	1.8287053081973993e-09	0.000835037534326182
Cluster207	5.614221023360438e-09	1.901055164393455e-09	0.001572423899337292
Cluster122	5.03957095545834e-09	1.7471381364282745e-09	0.0019603533952411
Cluster144	5.4543579396701275e-09	1.9043226853778306e-09	0.0020903305057288993
Cluster164	4.964209981731187e-09	1.7863177064363378e-09	0.0027261708541970664
Cluster403	4.819751513387067e-09	1.7439814651646106e-09	0.0028579550627409814
Cluster242	3.9700748968786456e-09	1.4410891821630855e-09	0.0029353898406382986
Cluster136	5.061209752327275e-09	1.851667952385039e-09	0.003134924430385876
Cluster147	5.6977869400478e-09	2.0856972850355764e-09	0.0031491057859224488
Cluster177	4.901195245840552e-09	1.842952812969335e-09	0.00391370484827587
Cluster141	4.813252205447384e-09	1.8251711079916173e-09	0.004180277659636876
Cluster404	4.31110231257525e-09	1.6587483597180727e-09	0.004674662841633638
Cluster241	4.049159571475303e-09	1.5894281117178676e-09	0.005423998071681688
Cluster296	4.114693021414802e-09	1.652426436454362e-09	0.006385510619416239
Cluster94	4.627890892192895e-09	1.8607152504726968e-09	0.006438428557585875
Cluster245	3.947294225459852e-09	1.6009096183435615e-09	0.006838108682654296
Cluster134	4.744018005069364e-09	1.9384751202064906e-09	0.007196674301195412
Cluster151	4.934778863205777e-09	2.026801762990826e-09	0.007450804419610119
Cluster427	5.064642214922899e-09	2.0959809212304804e-09	0.00783829977043385
Cluster149	4.721524040255389e-09	1.955155518638768e-09	0.007869555411865058
Cluster248	4.301929332571951e-09	1.785421429335519e-09	0.007987732588126349
Cluster295	4.011457750608022e-09	1.6697183380370224e-09	0.008142257991267263
Cluster269	4.118886972498049e-09	1.7212274310513997e-09	0.008355756426098664
Cluster232	4.408042166101471e-09	1.845212598813773e-09	0.008449278824147748
Cluster138	4.271983056644951e-09	1.8334131608757057e-09	0.00990119627100444
Cluster137	4.687078711149738e-09	2.0123326633188232e-09	0.00992484863876807
Cluster281	4.665008781445284e-09	2.0297327771366297e-09	0.010771324326161454
Cluster157	4.721771400453085e-09	2.0553042141763167e-09	0.010799152556995902
Cluster328	4.020752788827323e-09	1.7502522720784106e-09	0.010802488137491148
Cluster217	3.8423405817061836e-09	1.674323610355092e-09	0.010870535001711893
Cluster253	3.757217781762546e-09	1.650955535002388e-09	0.011429477845844601
Cluster230	4.1889097929071865e-09	1.8611318103768579e-09	0.012201243523402712
Cluster110	4.256032561413133e-09	1.8960543459925937e-09	0.012394387316310535
Cluster208	4.299867180150225e-09	1.9177153415492073e-09	0.012474799936405368
Cluster123	3.9202502314236295e-09	1.7560185521363398e-09	0.012792117824710063
Cluster231	3.734413996044541e-09	1.6798734719724228e-09	0.013106790792803769
Cluster273	3.680853089314259e-09	1.6713513789512994e-09	0.013821302983434406
Cluster216	3.6044031842898167e-09	1.6498850062283373e-09	0.014457661809713767
Cluster292	3.931964938819367e-09	1.8037553662980853e-09	0.01463328802465966
Cluster90	3.932996069129148e-09	1.8081454502661532e-09	0.01480926287929841
Cluster332	3.748475579904961e-09	1.7272167088578226e-09	0.014994317345956907
Cluster169	4.643958619463933e-09	2.148201722621329e-09	0.015317226080642607
Cluster100	4.346961805045195e-09	2.042476477995899e-09	0.016656938339486768
Cluster93	3.874776068603891e-09	1.8281800049917982e-09	0.01702530488756264
Cluster246	3.961528329525606e-09	1.8794475455957933e-09	0.017523483586432253
Cluster227	3.289940065865822e-09	1.562183818805118e-09	0.01760270599435834
Cluster229	3.4111314612478643e-09	1.6209668153685996e-09	0.017672620966635317
Cluster234	4.266099519603889e-09	2.0443819632635894e-09	0.0184556911576987
Cluster89	3.9998991848934655e-09	1.925068901764236e-09	0.018864106813569096
Cluster140	3.4788237193402823e-09	1.6759695006743658e-09	0.018960471228931484
Cluster85	4.3167069807740395e-09	2.101361734296337e-09	0.019976104264670985
Cluster228	3.9324440822970596e-09	1.919341627369872e-09	0.020238367204876755
Cluster155	3.355848191988579e-09	1.6386908186175804e-09	0.020285698932353997
Cluster167	3.458813349140715e-09	1.7068096990076464e-09	0.02135788117273579
Cluster266	3.2513904175209605e-09	1.6252433831266292e-09	0.022720129127546004
Cluster286	3.4729934194009686e-09	1.739241897136578e-09	0.022921107524081982
Cluster433	3.3382995023457297e-09	1.6735908832968278e-09	0.023038203531473407
Cluster287	3.057993404596122e-09	1.5478067346500005e-09	0.024094688553248506
Cluster124	3.731713069453748e-09	1.8989035425834544e-09	0.024695917806385474
Cluster135	3.770761758161753e-09	1.933872614971568e-09	0.02559699264127137
Cluster270	3.3363805330528706e-09	1.7163136261615011e-09	0.02595240374798076
Cluster104	3.922259643080265e-09	2.017882139867102e-09	0.025962766074887157
Cluster91	3.588730236447998e-09	1.8740373279724105e-09	0.02774799554088621
Cluster226	2.943082854706266e-09	1.5404097272149847e-09	0.028029002827663622
Cluster323	3.661567809653225e-09	1.9181338506413407e-09	0.028136080518132656
Cluster454	3.5869114466292684e-09	1.882000788474928e-09	0.02833137871922185
Cluster88	3.4339946354999146e-09	1.8101877353144391e-09	0.028911471902308215
Cluster333	3.7092666585837667e-09	1.9580506761438933e-09	0.02908815425371502
Cluster309	3.3485422727441776e-09	1.7914001297708472e-09	0.030795278795442898
Cluster148	3.763527174786386e-09	2.0297370586859663e-09	0.03185567342086134
Cluster153	3.0641589559032356e-09	1.66961473091368e-09	0.03323439348650014
Cluster117	3.6339608470185677e-09	1.9921626526707965e-09	0.03406631723354555
Cluster188	2.620770809940874e-09	1.4392399578078025e-09	0.03430792552977007
Cluster440	3.1679546386533967e-09	1.7555575218278814e-09	0.03557420058028378
Cluster233	3.1781056825861724e-09	1.7744351206566423e-09	0.03664247039355868
Cluster156	3.3077570971150025e-09	1.8606847561589305e-09	0.037725783580115975
Cluster240	3.0173344120782123e-09	1.7007255758981461e-09	0.03801955360583867
Cluster142	3.4227298290831146e-09	1.9872864698477726e-09	0.042506393899718366
Cluster282	3.051756096624024e-09	1.80759674996194e-09	0.04567733160617043
Cluster268	3.0803204322625487e-09	1.8266064390951101e-09	0.04586300873490482
Cluster426	3.220499805015812e-09	1.9133713277145234e-09	0.04617258080320498
Cluster283	2.838686066417303e-09	1.6914315606234152e-09	0.04664678438322911
Cluster111	3.2793124904064084e-09	1.9553747037295873e-09	0.04676378543409423
Cluster225	2.8653677159741783e-09	1.7092457289137343e-09	0.046830611512791144
Cluster200	2.685355440731664e-09	1.6066927191279753e-09	0.04732569531625701
Cluster331	3.115596537054341e-09	1.864704981281344e-09	0.047378080167196863
Cluster95	2.88978761325791e-09	1.7455442287684044e-09	0.04890928578969587
Cluster145	3.0127791604734017e-09	1.8244692591344928e-09	0.04933681635535548
Cluster289	2.5624957858257036e-09	1.5574474612727773e-09	0.04995216168443001
Cluster291	3.203461152116518e-09	1.9547354826026696e-09	0.05062529379800781
Cluster441	3.0351452126510247e-09	1.8548002363445554e-09	0.05088076275367461
Cluster120	2.944361825857687e-09	1.8119058902214264e-09	0.05208041188582732
Cluster203	2.7028654494983435e-09	1.6652981365441792e-09	0.05228914604258555
Cluster132	3.2061005143731504e-09	1.982958858770796e-09	0.05295786421333682
Cluster152	2.932905644437495e-09	1.8312605229074867e-09	0.05462453513511111
Cluster437	2.7783502912445394e-09	1.7402999330012534e-09	0.055191073869272064
Cluster364	3.0197529646121097e-09	1.8962036349382715e-09	0.05563331995646144
Cluster121	3.418001594737407e-09	2.1465283931222152e-09	0.05565423955561532
Cluster102	2.9310225395747128e-09	1.8644284752893944e-09	0.05796650813968558
Cluster179	2.6999206317982613e-09	1.7217352120870994e-09	0.05842431454548896
Cluster237	2.9652158856572794e-09	1.9342492166424535e-09	0.0626371735698598
Cluster252	2.6271258660941758e-09	1.7228569428637253e-09	0.06364626978482886
Cluster113	2.790436269281148e-09	1.8492621354725271e-09	0.06565632148002047
Cluster327	2.7128648781298636e-09	1.8035593193777674e-09	0.0662684391981814
Cluster158	2.9514086463019466e-09	1.965077661575275e-09	0.06655762325247679
Cluster458	3.2101539433569073e-09	2.145154695366509e-09	0.06726595618991738
Cluster98	3.0378106114099185e-09	2.040401212659228e-09	0.06826606537382882
Cluster119	3.2378482617892765e-09	2.177047545290186e-09	0.06847231760769189
Cluster259	2.9744434064063457e-09	2.0125491971049264e-09	0.06971082559314042
Cluster277	2.5077966515396922e-09	1.7031312950815329e-09	0.07044803797847216
Cluster221	2.6154543618710582e-09	1.7832409629408457e-09	0.07123076125876297
Cluster34	2.3677434693215252e-09	1.6371590003299004e-09	0.07405335316192385
Cluster133	2.765256929319864e-09	1.9142898519882675e-09	0.07429440028118271
Cluster264	2.4706474116093706e-09	1.7205322813443073e-09	0.0755042257226757
Cluster274	2.4799509175943043e-09	1.735908696979763e-09	0.07655698688720082
Cluster260	2.8140505729087852e-09	1.9785579160153995e-09	0.07747342846407224
Cluster451	3.1625042543048484e-09	2.2383321900666154e-09	0.07884488323275546
Cluster265	2.3659177038572562e-09	1.681780360668204e-09	0.07974431316344871
Cluster416	3.4861639699446074e-09	2.4938522842455453e-09	0.08107107594276819
Cluster377	2.721055232370189e-09	1.948165459793122e-09	0.08124784591913425
Cluster201	2.3609695966299515e-09	1.7049189971906405e-09	0.08305701556611828
Cluster161	2.2958630782542527e-09	1.6623418469852927e-09	0.08362385319851112
Cluster428	2.596665670293987e-09	1.9200289967440076e-09	0.08812215813288726
Cluster219	2.1416331623858865e-09	1.5943950012787202e-09	0.08959936782760314
Cluster218	2.3824958562184542e-09	1.8066974457913044e-09	0.09363434923154607
Cluster109	2.188859832725442e-09	1.664599344838019e-09	0.09426386596357267
Cluster423	2.7452344465034503e-09	2.094180413871223e-09	0.09494792608398639
Cluster392	2.8498854329990662e-09	2.196637694740929e-09	0.097249325616797
Cluster92	2.435262183485454e-09	1.882102376955315e-09	0.09784907204487092
Cluster267	2.340758009877133e-09	1.813666891231837e-09	0.098417428171365
Cluster271	2.239465162062472e-09	1.7497488527703345e-09	0.10029401297703222
Cluster168	2.4429325454243036e-09	1.9135925168522898e-09	0.10086802799215078
Cluster251	2.1477572132393247e-09	1.689731987114743e-09	0.10185297062730364
Cluster450	2.99901790965472e-09	2.3740265751695626e-09	0.10324749240754666
Cluster103	2.291170049890553e-09	1.8211652951293905e-09	0.10418157010116219
Cluster444	2.0002056734758597e-09	1.6591662614929306e-09	0.11399578130796256
Cluster128	2.0756370331561654e-09	1.7288572648948698e-09	0.11495645540750504
Cluster449	2.586861357894326e-09	2.1570572484041824e-09	0.11521443346869742
Cluster452	2.352016985421678e-09	1.9695746453874855e-09	0.1162047419064095
Cluster224	2.040389407060678e-09	1.7181906795784007e-09	0.11751087197142246
Cluster387	2.2195148427668687e-09	1.8800792030238565e-09	0.1188921065004514
Cluster125	2.2128549443779323e-09	1.8955308342807744e-09	0.12152313142525573
Cluster255	2.17225107567132e-09	1.877285578558807e-09	0.12361097334427262
Cluster308	2.108334733316468e-09	1.8355656714225782e-09	0.125360028692031
Cluster86	2.1512903977669077e-09	1.8909321188248916e-09	0.12762543524595404
Cluster35	1.867900812710505e-09	1.6488690883792628e-09	0.12864124039949015
Cluster143	1.993953148983636e-09	1.7924352407971818e-09	0.13297732553639868
Cluster212	1.939139772243861e-09	1.7653575276713302e-09	0.13600614639088293
Cluster223	1.8243559129795561e-09	1.6735271654273707e-09	0.13782876467273053
Cluster326	2.045733467513812e-09	1.885105380069474e-09	0.1389145326799497
Cluster84	2.2649126316213118e-09	2.0937399530544387e-09	0.13968081294787787
Cluster301	1.880679009944424e-09	1.7446473743019298e-09	0.14052338293411937
Cluster438	1.913024186227525e-09	1.7856227729159645e-09	0.14200639169194385
Cluster330	2.0784599891131545e-09	1.953666943430997e-09	0.1436923668651609
Cluster288	1.8637305203685577e-09	1.7636783956080417e-09	0.14531758944794337
Cluster262	1.8827427046042896e-09	1.78357564550117e-09	0.14557546801482285
Cluster83	1.8962843107224496e-09	1.840289539213753e-09	0.15140476613787685
Cluster202	1.5861495245347785e-09	1.5443099166930172e-09	0.1521883952903581
Cluster293	1.6471686245824355e-09	1.6127628255186933e-09	0.15354824122272392
Cluster112	1.943659725642839e-09	1.904325957786886e-09	0.15370897138157558
Cluster448	2.2490219135967693e-09	2.213983868996681e-09	0.15485617617441938
Cluster210	2.0327443186178593e-09	2.0155570837887604e-09	0.1566006972843157
Cluster116	1.8528403215982157e-09	1.849991036342508e-09	0.15828286688900656
Cluster222	1.6630137741242475e-09	1.6877260449768898e-09	0.16222421144031435
Cluster87	1.8246109611899242e-09	1.8644556572512673e-09	0.1638815848036993
Cluster401	1.864227227347467e-09	1.909346616982504e-09	0.16444076962448367
Cluster209	1.9601964204318893e-09	2.0135377705710717e-09	0.165150283628623
Cluster381	1.7812914699249667e-09	1.8364924035554566e-09	0.16603765348994137
Cluster294	1.5922939946255219e-09	1.658697148181694e-09	0.16853599236610023
Cluster447	1.7979685694815468e-09	1.8796038326668993e-09	0.1693927150174262
Cluster213	1.7916687213891131e-09	1.8818765232520047e-09	0.17053201582523758
Cluster99	1.7344425398891636e-09	1.8255665000966826e-09	0.17103464464808632
Cluster386	1.5646116600142403e-09	1.6506112334660252e-09	0.17159060323433484
Cluster254	1.5960884408573558e-09	1.6914621752664727e-09	0.17268330876383298
Cluster375	1.7326549270538048e-09	1.8456998753298795e-09	0.17392897779268213
Cluster108	1.5616605371963653e-09	1.668362134899806e-09	0.17462524054865652
Cluster434	1.5470930069635445e-09	1.6644868151362965e-09	0.17632240199097537
Cluster154	1.5027222448057579e-09	1.6206925878876223e-09	0.1769087766452771
Cluster457	1.851534202774909e-09	2.0399179085612584e-09	0.18203123281898148
Cluster290	1.4303914927273916e-09	1.583871791447007e-09	0.18323693505065486
Cluster442	1.4903783253553517e-09	1.659274762096428e-09	0.18453661823406492
Cluster33	1.4658095962285579e-09	1.636399994932924e-09	0.18519244778402294
Cluster150	1.635720885058477e-09	1.8278933500325322e-09	0.1854291755396692
Cluster325	1.6916741622277104e-09	1.9388927578944345e-09	0.19146920782087562
Cluster456	1.3026035828096555e-09	1.4972038875562348e-09	0.19214359544300585
Cluster126	1.6521327692017332e-09	1.899192726733642e-09	0.1921739282601121
Cluster206	1.6603755608442334e-09	1.9487438268504345e-09	0.19710052101271758
Cluster101	1.5519025205288933e-09	1.8242291163588918e-09	0.1974633192581633
Cluster424	1.960927016195823e-09	2.305981173074868e-09	0.19756093338097203
Cluster307	1.3146177492329865e-09	1.6185022095738668e-09	0.20832598835835342
Cluster275	1.3851952960508362e-09	1.7077950061680175e-09	0.20865365782295048
Cluster96	1.5084605420339241e-09	1.8660314110169895e-09	0.20943622846445525
Cluster407	1.5297365029544431e-09	1.9033523674393103e-09	0.2107832749266949
Cluster378	1.6312172197103812e-09	2.0350697970918505e-09	0.21140565653334775
Cluster163	1.444707629518978e-09	1.8096467906195937e-09	0.212337533784748
Cluster402	1.5507081392432576e-09	1.9576569281383095e-09	0.21414402445741298
Cluster429	1.5748103085069018e-09	2.0076664691569406e-09	0.21640319689301674
Cluster247	1.4126813654166402e-09	1.8034463825870725e-09	0.21671867562770558
Cluster278	1.3101496473325983e-09	1.6780909829402486e-09	0.21747825926389647
Cluster118	1.473684302329319e-09	1.9114324192395757e-09	0.22035813170973223
Cluster170	1.4388463923887989e-09	1.8926575061757925e-09	0.22355991931161
Cluster409	1.5183200329502202e-09	2.0162538729142905e-09	0.22571290655975562
Cluster363	1.2767100865175519e-09	1.7578353356995717e-09	0.2338284364959054
Cluster162	1.2313897270969073e-09	1.7840177928388172e-09	0.24502352439109393
Cluster419	1.2511165434797656e-09	1.8137080081020715e-09	0.2451563849140614
Cluster284	1.1224180954495022e-09	1.7056515551390122e-09	0.25525034758543586
Cluster165	1.2789830335489013e-09	1.9502513267976893e-09	0.2559750531692057
Cluster280	1.1781665419234426e-09	1.8150422030877937e-09	0.25813283857510966
Cluster214	1.0741189902041613e-09	1.713900189222468e-09	0.265424558566545
Cluster324	1.1554004547288905e-09	1.900846508610313e-09	0.27164855840920255
Cluster306	9.514015439913717e-10	1.5960164301653597e-09	0.2755508323535608
Cluster297	1.0714579060821332e-09	1.798770952998161e-09	0.275700821053145
Cluster106	1.1047738850179766e-09	1.889506442282535e-09	0.2793783808993673
Cluster176	1.2009505467467754e-09	2.114919348948181e-09	0.2850694410860546
Cluster174	1.0347657668481618e-09	1.8349690532917858e-09	0.286406140191491
Cluster220	1.0589307811889505e-09	1.8783317530858934e-09	0.28645829089042385
Cluster334	1.109978947735721e-09	1.985600121918414e-09	0.28807596573293237
Cluster321	1.0557620255590716e-09	1.8902210005009617e-09	0.28823821245695425
Cluster261	9.967319554918826e-10	1.799375610142651e-09	0.28981264926094874
Cluster181	1.0717563657295242e-09	1.961131292063338e-09	0.2923614741916171
Cluster105	9.70193304919551e-10	1.8030176158492701e-09	0.29525601142065117
Cluster256	9.179140298450813e-10	1.7535849933927398e-09	0.3003305755099706
Cluster172	1.0286351950410495e-09	2.041814263997377e-09	0.30720626988749355
Cluster129	9.262484737790567e-10	2.019837118871399e-09	0.32326940000624294
Cluster107	7.659169976620239e-10	1.6960122621995195e-09	0.32577903957551313
Cluster186	9.63915063481042e-10	2.1446623329097825e-09	0.32655411005070634
Cluster235	8.616568581532243e-10	1.943239470890417e-09	0.3287336634120249
Cluster443	6.912016726590749e-10	1.5895593682920643e-09	0.3318398146419611
Cluster32	7.067499196001834e-10	1.665589080265906e-09	0.33566466008721224
Cluster160	7.431896468652586e-10	1.754247504376701e-09	0.3359099828528601
Cluster422	9.096198605873322e-10	2.1474436980065093e-09	0.33593511076734583
Cluster367	7.884428143150318e-10	1.866220296971278e-09	0.33633694454730645
Cluster180	8.212443208546476e-10	1.985879897129101e-09	0.33960485681604113
Cluster189	7.355628632124763e-10	1.8861008362220274e-09	0.3482715006538647
Cluster348	6.2420848226219e-10	1.6419847378894726e-09	0.35191523144899706
Cluster337	8.743218958580322e-10	2.3266672837205327e-09	0.35353913209791155
Cluster319	6.977492144821306e-10	1.8709655697329548e-09	0.3545982777280019
Cluster388	6.729295434840422e-10	1.8081294423003573e-09	0.35488355034657193
Cluster435	6.354282130090706e-10	1.7520977345006746e-09	0.3584267877364635
Cluster215	6.748828035009542e-10	1.906817868208663e-09	0.3616951303261975
Cluster453	6.556364910475442e-10	1.910479000875823e-09	0.365731858088772
Cluster436	5.976530014659331e-10	1.8023605455476877e-09	0.3700977035893934
Cluster430	6.098054781893159e-10	1.885848534204389e-09	0.37321181220762234
Cluster127	5.538176374288081e-10	1.7387316244991801e-09	0.3750459522044636
Cluster196	5.833018497414903e-10	1.8394904457239132e-09	0.37558398012342464
Cluster355	6.189745645856535e-10	2.0193007936194146e-09	0.37960089275909864
Cluster455	5.251607952563074e-10	1.7176157742935909e-09	0.379897550777961
Cluster359	5.580013846321836e-10	1.9007347600182137e-09	0.38454271232478116
Cluster272	4.946481398347397e-10	1.6898615159344337e-09	0.3848699279724372
Cluster313	4.535636792019918e-10	1.8453903585814987e-09	0.4029255071308042
Cluster420	4.363284101538461e-10	1.8607423445473853e-09	0.4073016850480082
Cluster372	5.088262783504269e-10	2.218777144073779e-09	0.40930724956861364
Cluster370	3.844918624711145e-10	1.7974819000786203e-09	0.4153102458626443
Cluster383	4.3062190235705973e-10	2.0588504489697138e-09	0.41716304443468355
Cluster311	3.340115420854148e-10	1.6315958060287044e-09	0.41889754221897907
Cluster400	4.0863529747005145e-10	2.1615609954409846e-09	0.4250282301450532
Cluster395	4.0179994432485473e-10	2.143194106768908e-09	0.4256432649611628
Cluster183	3.321820742588234e-10	2.090343948868152e-09	0.4368688512025646
Cluster187	2.9181009132084256e-10	2.0232662202670465e-09	0.44266051793230804
Cluster421	2.7192001899935203e-10	2.3211244091943616e-09	0.4533705438417168
Cluster317	1.8300876889326822e-10	1.8475821978805724e-09	0.46054804952554457
Cluster130	1.8860809933169043e-10	2.005094636155523e-09	0.4625289848763347
Cluster115	1.6695486946668433e-10	1.7787722697557233e-09	0.46261033980588134
Cluster211	1.6492363841131735e-10	1.8604870301114707e-09	0.46468185847218135
Cluster173	1.4381788384472858e-10	1.8224544728953723e-09	0.4685503585088606
Cluster97	1.3695333533466784e-10	1.8052677420681854e-09	0.4697639788546075
Cluster425	1.4017493278946035e-10	2.173990279451761e-09	0.47429474108467634
Cluster131	1.2354087811694553e-10	1.9397022759478503e-09	0.4746082791630271
Cluster341	1.0119353957232328e-10	1.6997529710600519e-09	0.47626328816555785
Cluster114	5.110232128301028e-11	1.875361586724311e-09	0.4891304407374161
Cluster460	3.3594324603581465e-11	1.9287162335368865e-09	0.49305158602848304
Cluster198	-1.4060733286719536e-11	1.739314324272152e-09	0.503225040940501
Cluster279	-3.0664093596312414e-11	1.7410154166898216e-09	0.5070261129580051
Cluster318	-6.675459259722871e-11	1.9906855126233193e-09	0.5133754121196384
Cluster371	-6.928627655685872e-11	1.7401200089246328e-09	0.5158804697831906
Cluster258	-7.708506929050089e-11	1.8181689127905724e-09	0.516908925564075
Cluster338	-9.258679849191765e-11	1.9122011927938768e-09	0.5193088265653244
Cluster376	-1.0489166066337246e-10	2.063343527320533e-09	0.5202718070219645
Cluster369	-1.068079236799814e-10	1.9877367777598825e-09	0.5214262277495463
Cluster2	-1.3956161671133783e-10	1.8501370997373173e-09	0.5300649464535542
Cluster418	-2.044309261285306e-10	1.8755181404922268e-09	0.5433986382836752
Cluster166	-2.1827137142126417e-10	1.9797415979729485e-09	0.543895418634398
Cluster191	-1.9392788555605388e-10	1.7581230641878505e-09	0.5439158301874951
Cluster285	-2.2008722595380752e-10	1.809244620227204e-09	0.5484102776096802
Cluster182	-2.4654449028162745e-10	1.9662281677466054e-09	0.5498924247019639
Cluster445	-2.3261028471817234e-10	1.8055767234678504e-09	0.5512534423088133
Cluster382	-2.6195124066716315e-10	1.8603139591168257e-09	0.555990070283992
Cluster305	-2.9703222780569494e-10	1.576547290702187e-09	0.5747211146692816
Cluster446	-3.6541970420118744e-10	1.7578184269073819e-09	0.5823396465184261
Cluster195	-4.327521630847367e-10	1.717987481212488e-09	0.5994388217607278
Cluster36	-4.3857558062142156e-10	1.6640726527515076e-09	0.6039387925556612
Cluster354	-5.521636864824251e-10	2.0806386720844782e-09	0.6046423317703606
Cluster257	-4.764010936382995e-10	1.781719287577274e-09	0.6054127798137797
Cluster171	-5.117024948221238e-10	1.883281278831708e-09	0.6070767058637836
Cluster51	-5.041766253782063e-10	1.7703071628170604e-09	0.6120998305840456
Cluster356	-5.613851740503686e-10	1.7915010501451381e-09	0.6229965007113349
Cluster408	-5.504613025219678e-10	1.7064735932015751e-09	0.6264904550268043
Cluster357	-7.051989734754029e-10	2.168632448303496e-09	0.6274781140914005
Cluster22	-6.60120959747255e-10	1.9889691213282227e-09	0.6300142184582014
Cluster315	-6.421925457549108e-10	1.8895590560872932e-09	0.6330204155389861
Cluster350	-7.469146718389682e-10	2.0959713371437854e-09	0.6392134959736704
Cluster432	-7.730801133511828e-10	2.1600087275165273e-09	0.6397931749407813
Cluster11	-6.454403945458096e-10	1.7865789602211653e-09	0.6410518214416157
Cluster374	-7.843125755208491e-10	2.1692569524632027e-09	0.6411588861574318
Cluster459	-7.937490201138504e-10	2.120175263255905e-09	0.6459388046675704
Cluster185	-6.874954252037575e-10	1.7324313913747256e-09	0.654256710478452
Cluster320	-8.099679637913748e-10	1.9600619068283095e-09	0.6602831092689846
Cluster159	-7.514339215414021e-10	1.7489221602234164e-09	0.6662768492276623
Cluster236	-7.594283556049571e-10	1.6842751433861713e-09	0.673966768995255
Cluster204	-7.594458094598227e-10	1.6309486525373116e-09	0.6792657844901923
Cluster368	-9.59783562132019e-10	1.985241580903167e-09	0.6856151843860379
Cluster304	-8.547608987665375e-10	1.6890087957362785e-09	0.6935971214770459
Cluster361	-1.002843561075063e-09	1.9324944951049234e-09	0.6980977826147738
Cluster6	-9.114833571386908e-10	1.7083765457390324e-09	0.7031693024235802
Cluster1	-9.617892033725223e-10	1.7342343776675012e-09	0.7104124662696643
Cluster263	-1.0128135726280005e-09	1.8053612321641948e-09	0.7126023493721895
Cluster303	-9.890960533298774e-10	1.7279820798253903e-09	0.71647431780905
Cluster299	-1.0330758459080076e-09	1.7648839904866643e-09	0.7208439901877669
Cluster393	-1.0269707794434356e-09	1.7046271496562542e-09	0.7265662253342237
Cluster412	-1.232233698855898e-09	2.043460183774253e-09	0.7267500841600109
Cluster9	-1.127270308449393e-09	1.764591934243242e-09	0.738532505654163
Cluster410	-1.1481332552672488e-09	1.7790709722184801e-09	0.7406515862932836
Cluster42	-1.191708929354886e-09	1.819684387533407e-09	0.7437335095050996
Cluster312	-1.1369304080972078e-09	1.715674668891778e-09	0.746229834411633
Cluster60	-1.1678342864321185e-09	1.742853194601941e-09	0.7485935341770971
Cluster310	-1.131845753572684e-09	1.6803335987817293e-09	0.7497120720519773
Cluster385	-1.1748699469512994e-09	1.7390358199969752e-09	0.7503485428962048
Cluster7	-1.238468203225242e-09	1.7284281457960959e-09	0.7631674935286727
Cluster347	-1.2664897052401054e-09	1.7041346701179554e-09	0.7713155810277728
Cluster342	-1.2833194424168783e-09	1.6597702911893927e-09	0.7802953225735823
Cluster4	-1.3569766549078673e-09	1.7466711390369926e-09	0.7813890616982262
Cluster5	-1.4387399994584076e-09	1.8482818098927138e-09	0.7818393494185456
Cluster300	-1.3517278374981938e-09	1.7013228788361084e-09	0.7865523806525649
Cluster399	-1.5316191296008597e-09	1.892131001075698e-09	0.790876943087859
Cluster80	-1.339513936413118e-09	1.6174214837582163e-09	0.7962153326989123
Cluster343	-1.4346379412047119e-09	1.7284236998900717e-09	0.7967381758835008
Cluster390	-1.5440096698068886e-09	1.8584409762933334e-09	0.7969592586912302
Cluster175	-1.7467916234445198e-09	2.0080104913570343e-09	0.8078256427165538
Cluster394	-1.8192938486014004e-09	2.0551617247423364e-09	0.8119841005949096
Cluster21	-1.764197566828047e-09	1.98892069329347e-09	0.8124639214816096
Cluster302	-1.6953464969218538e-09	1.8927218750976754e-09	0.8147985066576575
Cluster197	-1.6322269862039403e-09	1.6900114118817636e-09	0.8329299334972534
Cluster190	-1.7522696431999166e-09	1.8068738472110534e-09	0.8339218522843521
Cluster0	-1.7958919522457183e-09	1.816209045877039e-09	0.8386227914514145
Cluster380	-1.8959562964121634e-09	1.8522727342741692e-09	0.8469840413015313
Cluster360	-1.6504106881605078e-09	1.6067822417208425e-09	0.8478257123328654
Cluster238	-2.0165681162647176e-09	1.942243700936215e-09	0.8504271851330936
Cluster10	-1.8352467687960179e-09	1.7128759637857873e-09	0.8580145687988386
Cluster59	-1.8978633933490594e-09	1.7682407006545349e-09	0.8584330830428323
Cluster298	-1.7779036446804128e-09	1.6511320524706819e-09	0.859210403962922
Cluster411	-2.1179285358653646e-09	1.9547105335728886e-09	0.8607066874353214
Cluster40	-1.7500639275430994e-09	1.5993470137648356e-09	0.863074373167105
Cluster8	-1.8085857203323246e-09	1.6383392112803481e-09	0.8651847943661362
Cluster56	-1.9185919323796657e-09	1.7362991455885048e-09	0.8654178815910203
Cluster41	-1.9553478051621724e-09	1.7534868863813347e-09	0.8676004389178871
Cluster39	-1.7160317867097814e-09	1.5232853877829497e-09	0.8700300831564083
Cluster389	-2.2975895279383643e-09	2.0285067775266437e-09	0.8713195060619761
Cluster346	-1.6586893193754551e-09	1.4519703292474531e-09	0.8733501545999828
Cluster37	-1.7657716384600954e-09	1.5203050351832745e-09	0.8772723125392284
Cluster192	-2.091949949142506e-09	1.7836916442272403e-09	0.8795660823582874
Cluster77	-1.945520789095951e-09	1.6469319145765945e-09	0.8812582306175949
Cluster384	-2.276686178904748e-09	1.8869568283602956e-09	0.8861950502162513
Cluster79	-1.931015301542828e-09	1.590427460568119e-09	0.8876545111258682
Cluster358	-2.1987363233409655e-09	1.8022849274299095e-09	0.8887621685761578
Cluster396	-2.3440597099790566e-09	1.913961119708227e-09	0.8896589671577773
Cluster82	-2.035777102393951e-09	1.6543616154840536e-09	0.8907546655262284
Cluster23	-2.2061817765100745e-09	1.7848213408755291e-09	0.8917855664401176
Cluster3	-2.1332128116897164e-09	1.723006770750684e-09	0.8921560031883887
Cluster316	-2.2933637096805737e-09	1.843306508932517e-09	0.8932792081329262
Cluster391	-2.45354383579614e-09	1.9381854046044716e-09	0.8972250886649398
Cluster322	-2.280500825981957e-09	1.7999274467872024e-09	0.8974216350153408
Cluster366	-2.4311699967935253e-09	1.9112186880936313e-09	0.8983227190444354
Cluster193	-2.2153104902815435e-09	1.7393684384103485e-09	0.8986025765199169
Cluster415	-2.6429294790852187e-09	2.0129786859273704e-09	0.9053991902573615
Cluster349	-2.6182064548069065e-09	1.9453961895425506e-09	0.9108241366029468
Cluster52	-2.144564149967386e-09	1.591060028851206e-09	0.9111521316893189
Cluster417	-2.534995636561778e-09	1.866348457127429e-09	0.9128101812518575
Cluster205	-2.2248542534061655e-09	1.6085567235543336e-09	0.9166885623128005
Cluster352	-2.2550281142236275e-09	1.6217688957376373e-09	0.9178075644226532
Cluster12	-2.28974365061881e-09	1.6414552671638205e-09	0.9184841392530463
Cluster379	-2.6260799162770517e-09	1.870758181323454e-09	0.9198035944894096
Cluster50	-2.2656993982281543e-09	1.5942440324676368e-09	0.9223670214419861
Cluster184	-2.802611398883622e-09	1.9690143435420746e-09	0.9226837317353829
Cluster199	-2.1911358653398844e-09	1.5364620608067755e-09	0.9230790697168748
Cluster336	-3.077266644641891e-09	2.1559959955332966e-09	0.9232541857508292
Cluster55	-2.2813554166716807e-09	1.5811727952906475e-09	0.9254650928492992
Cluster76	-2.4496776797200496e-09	1.663887647320035e-09	0.9295248586624656
Cluster365	-2.76051916562649e-09	1.870567152852112e-09	0.9299966222812955
Cluster43	-2.400241267300756e-09	1.58491099241736e-09	0.935041953247457
Cluster78	-2.4102273005981594e-09	1.5863397032312816e-09	0.9356645400288874
Cluster45	-2.603429733799057e-09	1.7134183661688777e-09	0.9356736205342785
Cluster62	-2.6582726224965186e-09	1.7238633355547542e-09	0.938468514531844
Cluster20	-2.7364555949192124e-09	1.7711245916521255e-09	0.9388315184398889
Cluster413	-2.7984628502535502e-09	1.8084796711392975e-09	0.9391180156517301
Cluster44	-2.4699474896012046e-09	1.5880882808722632e-09	0.940062215608686
Cluster46	-2.7791280667554585e-09	1.7673188932116587e-09	0.9420839330853155
Cluster414	-3.216857212633158e-09	2.010287683710969e-09	0.9452226054645176
Cluster49	-2.7204556791512136e-09	1.663865991872997e-09	0.9489776672821887
Cluster48	-2.8702044245266757e-09	1.7002812882175577e-09	0.9543017015130382
Cluster38	-2.9462190876167633e-09	1.6844603303705552e-09	0.9598595167960924
Cluster18	-3.386217281570414e-09	1.88040220369216e-09	0.9641323340854927
Cluster194	-3.209030448148967e-09	1.7555270386719682e-09	0.9662221045799004
Cluster73	-3.026049734301352e-09	1.634002264813749e-09	0.9679817072347756
Cluster74	-2.857582202610896e-09	1.5403378070019497e-09	0.9682137315487771
Cluster47	-3.1028244014284214e-09	1.6707147995682444e-09	0.9683574930067688
Cluster69	-3.206660929018053e-09	1.7223829942266955e-09	0.9686814204548474
Cluster81	-2.9665536230606086e-09	1.5829595059937792e-09	0.9695385970084728
Cluster335	-3.32099695728685e-09	1.7682289262588308e-09	0.9698195909308678
Cluster431	-3.2642920701592588e-09	1.737713375023432e-09	0.9698435029660779
Cluster53	-2.9025505773137456e-09	1.5429645097842292e-09	0.970024368817311
Cluster71	-3.0259854567079062e-09	1.6061589848297277e-09	0.9702167513317218
Cluster58	-3.443209278726397e-09	1.8155517862644566e-09	0.9710535772273563
Cluster339	-3.4519759783767612e-09	1.7941775204870222e-09	0.9728219547537175
Cluster397	-4.0115528282223225e-09	2.00265117005212e-09	0.9774178545004725
Cluster54	-3.0538628825141626e-09	1.4955035240839626e-09	0.9794257162774234
Cluster57	-3.2380426409109292e-09	1.5707158500162626e-09	0.9803726797700097
Cluster345	-3.4764790976298365e-09	1.6722116737955258e-09	0.9811899788490294
Cluster75	-4.034851536727349e-09	1.9071500269965195e-09	0.9828124745349862
Cluster276	-3.669956903784028e-09	1.7293343364781612e-09	0.983088642687447
Cluster398	-3.8427625021408704e-09	1.8091282032289049e-09	0.9831689536020424
Cluster70	-3.574175210524345e-09	1.668271566118082e-09	0.9839210377629574
Cluster351	-4.288148267550658e-09	1.9213292056872453e-09	0.9871880714269293
Cluster340	-3.994054599912606e-09	1.788202265949061e-09	0.9872439356659608
Cluster67	-3.7808532552816454e-09	1.684520402899433e-09	0.9875988684850492
Cluster72	-3.5670359135955836e-09	1.5859571879640761e-09	0.9877481279004034
Cluster17	-3.879164773486695e-09	1.7232411290821345e-09	0.9878099690952277
Cluster314	-4.202655645293717e-09	1.8614521488809267e-09	0.988018739177089
Cluster19	-3.98982397705445e-09	1.7270326851225607e-09	0.9895619877414166
Cluster14	-4.385258832171086e-09	1.8774753698312877e-09	0.9902471089151875
Cluster353	-4.3227117361150314e-09	1.8066736403086838e-09	0.9916360780599056
Cluster26	-4.058249370000414e-09	1.6465191117470513e-09	0.9931444560466963
Cluster68	-4.439675424842586e-09	1.7964889425639006e-09	0.9932689873778219
Cluster344	-4.008684614739323e-09	1.6067243076128785e-09	0.9937011212620392
Cluster65	-3.918830794614489e-09	1.4777520170876303e-09	0.9959978291773691
Cluster373	-4.9775084313284686e-09	1.8727153806949155e-09	0.9960686524907295
Cluster16	-4.2657108697077365e-09	1.6014066775118362e-09	0.9961359921985962
Cluster362	-4.810416181335722e-09	1.776458301485501e-09	0.9966141616625611
Cluster66	-4.638964120912093e-09	1.615265978993912e-09	0.997960266431158
Cluster30	-5.170159495016714e-09	1.6941746655900246e-09	0.9988623573969597
Cluster31	-4.830568798006597e-09	1.5792036337609158e-09	0.9988891092548752
Cluster25	-5.1615467772089205e-09	1.67318531831152e-09	0.9989817688917672
Cluster13	-5.288439014393945e-09	1.6243044561663625e-09	0.9994346681631747
Cluster15	-5.277145904330435e-09	1.6200752876247806e-09	0.9994377038703403
Cluster28	-5.6204018874013e-09	1.7197095435356364e-09	0.9994588831686824
Cluster61	-4.9495061722232074e-09	1.506097205205899e-09	0.999492458481755
Cluster29	-5.9505253936525956e-09	1.8049946420428983e-09	0.9995108598987015
Cluster63	-5.225347566248633e-09	1.4908409854134221e-09	0.9997716675462358
Cluster27	-5.208051638049151e-09	1.4745854456471258e-09	0.9997936879120102
Cluster24	-6.188646949419365e-09	1.6712187517125796e-09	0.999893498702023
Cluster64	-6.156340960025143e-09	1.518798272213607e-09	0.9999747638384031
