Name	Coefficient	Coefficient_std_error	Coefficient_P_value
Cluster404	1.3202389661257075e-08	3.307996057874218e-09	3.289020144038042e-05
Cluster126	1.5998259453222804e-08	4.648696048511611e-09	0.0002893016767347726
Cluster125	1.3048618897194454e-08	3.8742010545276e-09	0.0003784682111905124
Cluster188	1.0151008905214008e-08	3.404492762477342e-09	0.0014334935873812947
Cluster136	1.2233286717357301e-08	4.114481589332524e-09	0.0014734333207652268
Cluster117	1.2400633858711788e-08	4.394957384173985e-09	0.002389538393390393
Cluster253	1.076433867313454e-08	4.108471010979599e-09	0.004396034546790481
Cluster204	9.716212875181628e-09	3.770093307074733e-09	0.0049804886713182405
Cluster250	9.420799541618199e-09	3.6567409611282864e-09	0.0049934436241393845
Cluster272	8.600483543831698e-09	3.3637391857800807e-09	0.005281657379511033
Cluster124	9.306380112609772e-09	3.677793762080983e-09	0.005696227060076214
Cluster137	9.758142816193132e-09	3.8723009677124746e-09	0.005867981172056557
Cluster122	8.949126196621265e-09	3.693001688610552e-09	0.0076908252189949395
Cluster168	1.0342945089802638e-08	4.3144827772149815e-09	0.008259056699736037
Cluster200	8.653421919763625e-09	3.6686708243044066e-09	0.00916867503866934
Cluster157	9.14480166490883e-09	4.010186188962466e-09	0.011292186703703884
Cluster123	8.184348506835727e-09	3.6126751043430064e-09	0.011742423338517332
Cluster364	8.855906349310332e-09	4.005809834752906e-09	0.013526038592210415
Cluster135	8.777254985429475e-09	4.0000617714817565e-09	0.014107648194760743
Cluster127	1.0351667501646222e-08	4.736960791369662e-09	0.014433528594642244
Cluster239	8.762222222261641e-09	4.037295786192896e-09	0.014991320971238791
Cluster186	1.073722963413206e-08	4.963011538716662e-09	0.01525327476025103
Cluster252	8.71816547819104e-09	4.042228697781132e-09	0.015511718780578426
Cluster148	8.650518576992528e-09	4.078665761044152e-09	0.01696432138691382
Cluster256	8.24403447344679e-09	3.978227544350529e-09	0.019119280523426943
Cluster169	9.584010662738283e-09	4.640466511377215e-09	0.019446749622700498
Cluster132	8.340103840063175e-09	4.039176944220914e-09	0.019470831698071966
Cluster403	7.241195443765703e-09	3.5136684350641045e-09	0.019657972217784463
Cluster419	7.220286277482065e-09	3.5354863983766575e-09	0.02056422230632155
Cluster120	7.711444401252689e-09	3.7853041880848684e-09	0.020814701453870585
Cluster421	8.26786807290036e-09	4.113533536542989e-09	0.02221989589537752
Cluster142	9.225959838625773e-09	4.623208507031227e-09	0.02299009533998272
Cluster368	7.737533616126026e-09	3.904689731992855e-09	0.023762007236044057
Cluster251	6.6944454673114046e-09	3.3953959241232303e-09	0.024326249562330655
Cluster139	8.238299173560193e-09	4.1824810476373564e-09	0.024435473234831324
Cluster363	7.690373821558378e-09	3.932554670028209e-09	0.025258096499290294
Cluster350	8.032249216870662e-09	4.127794357325697e-09	0.025833752288414
Cluster173	8.859700098645758e-09	4.553672254153727e-09	0.025850408775595284
Cluster184	8.477523658514201e-09	4.365489170529163e-09	0.02607210422821591
Cluster187	8.759007896961708e-09	4.546170947917243e-09	0.027009880857729218
Cluster376	6.9436390537126454e-09	3.607664701603467e-09	0.027134026194189167
Cluster241	7.799635077344201e-09	4.070555322459808e-09	0.027675495984396732
Cluster146	7.580680595175965e-09	4.018359288707742e-09	0.02961303703211495
Cluster153	7.577251110383634e-09	4.0263197166331075e-09	0.029922772983865482
Cluster156	7.471023388529163e-09	4.030769616155569e-09	0.03190550686695261
Cluster116	7.433384835824174e-09	4.085798466983445e-09	0.03443112591078413
Cluster158	7.746754332014897e-09	4.309030281182812e-09	0.036104727233402585
Cluster121	6.616134210717439e-09	3.6838015921772166e-09	0.03624668537474675
Cluster183	8.571966012137529e-09	4.817526566541649e-09	0.037592897749034744
Cluster255	7.024783499463257e-09	3.97481444087974e-09	0.03858702204986017
Cluster175	8.358477024834818e-09	4.751542643154158e-09	0.03927957694670212
Cluster38	7.457394243336563e-09	4.24954122580947e-09	0.03964073646099488
Cluster119	7.996278655167602e-09	4.613966142296882e-09	0.041542531517488185
Cluster149	7.284739698768311e-09	4.215579801753563e-09	0.04198948096552941
Cluster147	7.63638853588734e-09	4.424218343058285e-09	0.042169890727475165
Cluster277	7.374778030363861e-09	4.295935695711582e-09	0.04301816560497535
Cluster94	7.76155325618304e-09	4.534871150663845e-09	0.04349195923372964
Cluster395	7.749865507510922e-09	4.536910419983298e-09	0.04380135425567349
Cluster270	6.036030538392734e-09	3.5434792294878763e-09	0.0442448239817744
Cluster131	6.427221862671789e-09	3.773965192942562e-09	0.04428008871078026
Cluster242	6.591423931805272e-09	3.8890897282538326e-09	0.04505193478489704
Cluster162	7.1674648964404705e-09	4.2386427924046905e-09	0.04542020520427698
Cluster386	6.322724383266769e-09	3.757637660543498e-09	0.04622309886695848
Cluster356	6.643253836113137e-09	3.979170912315078e-09	0.04750846856197653
Cluster254	6.318491549235211e-09	3.807587708780768e-09	0.04851283511532218
Cluster110	5.813389760166407e-09	3.5622046531808955e-09	0.051343534946857075
Cluster365	6.078658393065736e-09	3.740607079530476e-09	0.052076383938625216
Cluster433	5.928644068029613e-09	3.648654945774719e-09	0.05209355067110902
Cluster311	5.9458779036328175e-09	3.6890850333343565e-09	0.05350832079506717
Cluster416	7.436757686695874e-09	4.618551733027455e-09	0.05367791142553548
Cluster172	6.828280772433431e-09	4.2408402507502115e-09	0.05368534015050764
Cluster434	7.095683212995338e-09	4.433388994410837e-09	0.054742750311478024
Cluster447	5.852214130134166e-09	3.6622774421743113e-09	0.05502468574167831
Cluster88	7.66788516755927e-09	4.820516476085805e-09	0.055841131596855935
Cluster309	6.1141995491774285e-09	3.869108618518141e-09	0.057023610013789666
Cluster203	5.846389199915254e-09	3.705039537400138e-09	0.05728786444442397
Cluster259	6.267790921646308e-09	3.977230384070002e-09	0.05752229400261578
Cluster129	6.509013524649235e-09	4.150515397893949e-09	0.05841230613848088
Cluster217	5.636123672998763e-09	3.617582789062242e-09	0.05961892780665788
Cluster221	6.833505689970318e-09	4.396114062457848e-09	0.060039473992859825
Cluster438	6.020562230272276e-09	3.942289222561644e-09	0.06335885502487339
Cluster109	5.34987120581095e-09	3.5057971961787262e-09	0.06350405549155053
Cluster177	5.738307534813569e-09	3.87077114582469e-09	0.06910745350071633
Cluster138	5.700650283054906e-09	3.880537800265874e-09	0.07091149312269986
Cluster243	5.530177067877922e-09	3.845911066389734e-09	0.07522599292638575
Cluster446	5.384042437800563e-09	3.753398671689925e-09	0.07572271463718412
Cluster235	5.94239783752972e-09	4.185770777924921e-09	0.0778524224517143
Cluster205	5.159935712886329e-09	3.690146354197984e-09	0.08101133357885898
Cluster174	6.615835278740019e-09	4.7583812927518186e-09	0.08221067780981661
Cluster375	5.698118451286504e-09	4.156841533621355e-09	0.0852216531526429
Cluster219	5.5642159859882234e-09	4.073050712274738e-09	0.08595296441604988
Cluster374	5.631630609116504e-09	4.129491357901825e-09	0.08632172914582248
Cluster182	6.2607370269963565e-09	4.618892626406082e-09	0.08763508010973753
Cluster357	5.385886893809208e-09	3.981836067855666e-09	0.08808950149258188
Cluster262	4.843950710669937e-09	3.5838186875798998e-09	0.08824891457883222
Cluster435	5.633801083306006e-09	4.170638983583737e-09	0.08837583804573046
Cluster113	5.827324248441714e-09	4.358068731845633e-09	0.09058936151348512
Cluster231	5.078104326475394e-09	3.823762656542067e-09	0.09208268114058027
Cluster369	5.298287726706715e-09	3.992240992589901e-09	0.09223015161833042
Cluster417	5.679225613162641e-09	4.286291701261844e-09	0.09258986610829961
Cluster106	5.382373241470214e-09	4.062861021555341e-09	0.09262303611473083
Cluster310	5.175377787676856e-09	3.907925615511396e-09	0.09269696257150345
Cluster90	5.981051041799499e-09	4.599745808113057e-09	0.0967490256559998
Cluster428	4.828180403363998e-09	3.731256675535575e-09	0.09783575308156256
Cluster202	4.708532965339452e-09	3.6441970101274565e-09	0.09816762390868394
Cluster185	5.583052398083844e-09	4.333562031589879e-09	0.09881578095295152
Cluster425	5.604782618959132e-09	4.363095768101674e-09	0.09946806087913557
Cluster347	4.682079660066241e-09	3.7078912119499653e-09	0.10334242648606617
Cluster0	5.6177701125196405e-09	4.457771582648349e-09	0.10379511787855394
Cluster2	6.6178531556003854e-09	5.260034146986662e-09	0.10417077803736335
Cluster384	5.7041327145836345e-09	4.5570941852535825e-09	0.10533888322218998
Cluster118	5.580263188530613e-09	4.458678558381541e-09	0.10536677665187244
Cluster264	4.785846756286643e-09	3.858274580296129e-09	0.10741168202628731
Cluster178	4.7632639102903054e-09	3.863552818678396e-09	0.10881186701668832
Cluster390	5.076709233431419e-09	4.147099487815338e-09	0.11044612302105261
Cluster170	5.1762919967056034e-09	4.284974275663417e-09	0.11352169797645639
Cluster279	4.908999856295157e-09	4.064646176168138e-09	0.11357534341589837
Cluster179	4.7171446127357946e-09	3.9162711888890856e-09	0.11419838998933002
Cluster108	4.621281814571336e-09	3.860675084854809e-09	0.11565056472204549
Cluster400	5.008553660891092e-09	4.2174294919576805e-09	0.11749858463882396
Cluster278	4.5458127728641875e-09	3.8672855941507975e-09	0.11990674857113748
Cluster430	4.8965559854966575e-09	4.169567873770963e-09	0.12012628182265578
Cluster392	5.068990767858778e-09	4.3232242051885594e-09	0.12049770402201138
Cluster189	5.141734040953587e-09	4.399618638652713e-09	0.12126685343614352
Cluster171	5.382955961719578e-09	4.6496937735537035e-09	0.12349300141724312
Cluster266	4.875137521272392e-09	4.2395821748787666e-09	0.12509049113971688
Cluster249	4.821007340815481e-09	4.271638363948271e-09	0.12953151296780518
Cluster260	4.503642747287143e-09	4.017887195968001e-09	0.13116558685488783
Cluster134	4.424866211242017e-09	3.971349921732547e-09	0.13259733878745789
Cluster96	4.715141305808237e-09	4.24918341548203e-09	0.13357316647516065
Cluster83	4.478727299678283e-09	4.039310376685374e-09	0.13376144241173593
Cluster220	4.5778496818162505e-09	4.136583175494717e-09	0.1342174171379149
Cluster258	3.984496596584766e-09	3.6212175491869022e-09	0.13559645055485836
Cluster230	4.055632054133619e-09	3.764376755206634e-09	0.14065717612201883
Cluster432	4.911705213018999e-09	4.622399498193625e-09	0.14398446594633796
Cluster248	4.4389758782027195e-09	4.1819324663289976e-09	0.14423926472300558
Cluster100	4.2738349634937165e-09	4.061846196490378e-09	0.14635613602207898
Cluster452	4.58202830281576e-09	4.365636323765784e-09	0.14695859250530208
Cluster140	4.7069420740932385e-09	4.563564474416809e-09	0.15117244580118133
Cluster388	4.909263060175894e-09	4.795916286462659e-09	0.15300408552683697
Cluster257	4.097236609607008e-09	4.0372661003366464e-09	0.1550876575796738
Cluster228	4.04468666891939e-09	4.002243761635154e-09	0.15610281399276982
Cluster37	3.9633032505133156e-09	3.924690444169538e-09	0.15628635158708065
Cluster377	4.100919058015304e-09	4.064132494489999e-09	0.1564749640452437
Cluster268	3.679168393307636e-09	3.6477297982730654e-09	0.1565787739375069
Cluster389	4.264820894294891e-09	4.231101298148646e-09	0.15673456169382377
Cluster114	4.2939095754402784e-09	4.261358053454659e-09	0.1568139554253719
Cluster440	4.112018185052998e-09	4.08301139374051e-09	0.15694233614588854
Cluster348	4.070813535276756e-09	4.059683803267437e-09	0.15799279402273697
Cluster439	3.5476183022581345e-09	3.59104087716283e-09	0.16159883368084077
Cluster201	4.0374049454093015e-09	4.088415220511627e-09	0.16169310380341462
Cluster181	4.362042304086779e-09	4.446348966141022e-09	0.1632867237310135
Cluster159	4.206449530095905e-09	4.295877186145349e-09	0.16374480529221908
Cluster128	3.4360713311043987e-09	3.521373127689548e-09	0.16458774405578241
Cluster393	3.8056960220422625e-09	3.916085920435778e-09	0.16557225009357474
Cluster92	4.5145175046763145e-09	4.6475534225729735e-09	0.1656807705744915
Cluster155	3.4115664049455166e-09	3.5263982527070722e-09	0.16666293390475828
Cluster283	3.323932965538684e-09	3.4358711367830203e-09	0.16666687540712166
Cluster424	3.839376566134166e-09	3.987815563163054e-09	0.16782975657428673
Cluster143	4.1228277084168535e-09	4.292991875670464e-09	0.16843644338817243
Cluster176	3.751176001381309e-09	3.940499832347959e-09	0.17056006406657737
Cluster85	3.927041521526886e-09	4.1508363783656025e-09	0.17205277133665076
Cluster247	3.6945833437827808e-09	3.941367272852823e-09	0.1742799649893454
Cluster104	3.633732109452857e-09	3.882244813941064e-09	0.17463984552631517
Cluster261	3.798480898057507e-09	4.077462782469021e-09	0.17577693075942363
Cluster366	3.2569269161792567e-09	3.499613409713306e-09	0.17601645604403798
Cluster265	3.982804776965794e-09	4.281062512602729e-09	0.17609988963730278
Cluster394	3.8637607928409625e-09	4.157514020425308e-09	0.17635541451180248
Cluster413	3.392929022526795e-09	3.655750755326567e-09	0.1766759524303277
Cluster436	3.491947861643927e-09	3.794231595205912e-09	0.17869998251083874
Cluster332	3.515524616028739e-09	3.873873311874337e-09	0.18207227636831486
Cluster340	4.023508629792591e-09	4.473642392363659e-09	0.1842248981497176
Cluster391	3.6904657163967805e-09	4.152283854758787e-09	0.18706073628867248
Cluster240	3.0256770234637628e-09	3.4505109720306563e-09	0.19027646417762606
Cluster269	3.1118478461936204e-09	3.5502697741673674e-09	0.19037635339075526
Cluster39	3.3536060895082963e-09	3.832762616769024e-09	0.19079129695848807
Cluster199	3.5617415751891955e-09	4.0938171254622196e-09	0.19214214760804166
Cluster141	3.688604240670843e-09	4.2430807388806656e-09	0.1923354644901722
Cluster354	3.711224466912918e-09	4.276971123635143e-09	0.19277310766322792
Cluster107	3.479866962185899e-09	4.077222897673552e-09	0.1966939519638456
Cluster317	2.824897409965232e-09	3.327336882129012e-09	0.1979416163430886
Cluster325	3.4866376500612303e-09	4.133799485404357e-09	0.1994894590033145
Cluster456	3.0674735516470145e-09	3.6534285883927186e-09	0.20056213483527585
Cluster324	3.2248518114147544e-09	3.9209388731243985e-09	0.2054049289389523
Cluster287	2.7592652120794643e-09	3.366268289799531e-09	0.20619907219639294
Cluster327	3.4187881333845134e-09	4.190356384195554e-09	0.2072871047001445
Cluster312	3.106647842983107e-09	3.944843570322014e-09	0.2154884189297066
Cluster329	2.974898072830664e-09	3.8202097563129576e-09	0.21807045970554462
Cluster378	2.9075573393320376e-09	3.758629188582128e-09	0.21959298756142898
Cluster238	3.0645827147217157e-09	4.034818158205891e-09	0.22376650718455976
Cluster5	3.233663133494076e-09	4.2678687866917816e-09	0.2243223880437883
Cluster429	2.8327763614086982e-09	3.745406195131722e-09	0.2247246190418653
Cluster367	3.3176927045457115e-09	4.387265462216352e-09	0.2247617385989451
Cluster274	2.5176783482989765e-09	3.348908212806413e-09	0.2260884409854273
Cluster437	2.911522773651082e-09	3.883844487359951e-09	0.22673286096893475
Cluster216	3.002054873041402e-09	4.05908579869268e-09	0.22977473407238658
Cluster328	2.782906919414598e-09	3.778771384416535e-09	0.2307259687945571
Cluster275	2.7062042091669894e-09	3.6811541048473126e-09	0.2311237613227312
Cluster206	3.0388092192081818e-09	4.135802001497692e-09	0.23124376817990344
Cluster224	3.0010444725645044e-09	4.190515637788533e-09	0.2369488729780198
Cluster163	2.76962050555327e-09	3.874302053779391e-09	0.23734483184697236
Cluster444	2.6470480313543105e-09	3.707552939994288e-09	0.23762566230316884
Cluster102	2.8426438102431694e-09	3.9826467136462615e-09	0.23768858376250518
Cluster371	2.946015296686356e-09	4.1488719814212325e-09	0.2388284387103879
Cluster222	2.7389057112013112e-09	3.891145602285617e-09	0.2407532620338695
Cluster115	2.579640318375213e-09	3.6866253621706664e-09	0.24204814210402165
Cluster373	2.638949631090945e-09	3.800764327544502e-09	0.2437405328397264
Cluster336	3.081046488893416e-09	4.444990234552023e-09	0.24410760476439364
Cluster227	2.492608472887292e-09	3.6015995765167307e-09	0.24444237390437895
Cluster213	3.1662085837892274e-09	4.607764391742036e-09	0.24599524745038115
Cluster87	2.933075513374545e-09	4.2828681634341125e-09	0.24672273434258063
Cluster355	2.642606845526544e-09	3.888152070809848e-09	0.2483610728267417
Cluster333	2.7764307749251426e-09	4.096199420036809e-09	0.2489471804640287
Cluster198	3.024148886197232e-09	4.46703148624355e-09	0.249205209271945
Cluster280	2.7750191669545456e-09	4.1254460953396095e-09	0.25058207286017886
Cluster1	3.352104319375943e-09	5.035513108658913e-09	0.2528037701004678
Cluster93	2.816964792996069e-09	4.253480403060168e-09	0.25389817134578196
Cluster152	2.3302790132237254e-09	3.6364921185285086e-09	0.26082498850484603
Cluster223	2.4020259262274514e-09	3.821879900756631e-09	0.2648404158888886
Cluster387	2.3163430396308084e-09	3.6998674419986277e-09	0.2656374365801961
Cluster225	2.3043927380085924e-09	3.691590228633052e-09	0.2662390413444713
Cluster281	2.389843617523786e-09	3.848817423257186e-09	0.267323061645512
Cluster273	2.161828712321084e-09	3.487750506584716e-09	0.2676833175966131
Cluster420	2.28501292573847e-09	3.7495088438065235e-09	0.271124169291567
Cluster293	2.4115071638818526e-09	3.9961558194842376e-09	0.2731024428730493
Cluster112	2.2892261812900017e-09	3.797774891575495e-09	0.27332722606383864
Cluster297	2.5560735177594715e-09	4.270772067280169e-09	0.2747518959391182
Cluster313	2.3218990394168305e-09	3.904732280691515e-09	0.2760430068048211
Cluster316	2.3335734818536258e-09	3.9414530692114674e-09	0.2769054792386797
Cluster299	2.4388526092806833e-09	4.1333217847513346e-09	0.2775796923969971
Cluster233	2.062891728453706e-09	3.5259456152590273e-09	0.27925349734184457
Cluster232	2.094613332072288e-09	3.596646666078643e-09	0.28015553915538277
Cluster84	2.4730399162055675e-09	4.259462435828593e-09	0.2807553506180489
Cluster418	2.2048636265022788e-09	3.8026543470945124e-09	0.2810172433286845
Cluster91	2.5144757905502317e-09	4.357219178994654e-09	0.28194179658644736
Cluster337	2.230214120737939e-09	3.897157027696321e-09	0.2835705722468315
Cluster412	1.996104793998669e-09	3.649771558589027e-09	0.2922195078879517
Cluster160	2.285091591922626e-09	4.2029071778683905e-09	0.29332634402911123
Cluster34	1.8837065454928e-09	3.4839217507159805e-09	0.2943621306707804
Cluster396	2.1695126886264787e-09	4.020513991876963e-09	0.29473274059700216
Cluster410	2.259239043629434e-09	4.270636000812917e-09	0.29839682862645617
Cluster326	2.153002046590315e-09	4.122794817426573e-09	0.30075890733672456
Cluster196	2.441375488180416e-09	4.681676452314902e-09	0.30101808776200045
Cluster401	1.6416957893294031e-09	3.150996121262227e-09	0.30118042209651064
Cluster99	1.9569963660233453e-09	3.865128092879334e-09	0.3063155848575962
Cluster288	1.7681501489975108e-09	3.569626162850088e-09	0.31018288492516605
Cluster442	2.0827722890677086e-09	4.233970624751005e-09	0.3113881616455356
Cluster167	1.7456364941756256e-09	3.5534373453254304e-09	0.31162378477376584
Cluster445	1.6864296336814347e-09	3.483424341141285e-09	0.314146866170531
Cluster86	1.966574253136145e-09	4.074249192515154e-09	0.31466011891374
Cluster411	1.8227058427503562e-09	3.809472821508255e-09	0.3161590393641034
Cluster144	2.1151699893774717e-09	4.422273474094571e-09	0.31621862282527646
Cluster372	1.7889465678210836e-09	3.816794618152808e-09	0.31964064525267083
Cluster130	1.892177419798622e-09	4.150226070540882e-09	0.3242232033850221
Cluster330	1.6772472041596273e-09	3.7169601384182265e-09	0.32590769923883955
Cluster105	1.9117607363635895e-09	4.2720093665078e-09	0.3272539563561472
Cluster339	2.0918170736666525e-09	4.739647870787824e-09	0.3294818415065863
Cluster35	1.5592118533263962e-09	3.594064653793119e-09	0.3322060701590589
Cluster407	1.6368486812725614e-09	3.796319054911229e-09	0.333173360086268
Cluster218	1.7991644878908414e-09	4.190828209008773e-09	0.33384881763436886
Cluster211	1.6502632163655253e-09	3.857263176813447e-09	0.33438647362926055
Cluster399	1.6712614141948655e-09	3.979248522734188e-09	0.3372448348836017
Cluster180	1.9828331506420585e-09	4.775125207655257e-09	0.3389823310400274
Cluster405	1.6268829775197528e-09	3.9179259656882276e-09	0.33898279214440763
Cluster150	1.513111956146708e-09	3.6839108736664474e-09	0.34063334792961175
Cluster95	1.9363439473589914e-09	4.716865989653932e-09	0.34071412405177737
Cluster271	1.4084400599402093e-09	3.430921198878102e-09	0.34071458812241695
Cluster290	1.5093001829320644e-09	3.6786229547948306e-09	0.34079681571389
Cluster31	1.590059124054263e-09	3.887323095128336e-09	0.3412562403033681
Cluster449	1.6708378499100974e-09	4.141090526580155e-09	0.3432984033033859
Cluster402	1.7794648601876642e-09	4.483753750375603e-09	0.3457318687565791
Cluster207	1.6319145476458899e-09	4.130516090970255e-09	0.34638922187282817
Cluster79	1.5590464671995632e-09	3.986296970198084e-09	0.34786112981843054
Cluster212	1.6487837717965658e-09	4.259333509013118e-09	0.3493414563630458
Cluster338	1.4613358251099604e-09	3.9243075270338495e-09	0.35480476377054215
Cluster133	1.359763488556444e-09	3.651840648098615e-09	0.35481607443756186
Cluster97	1.3356339895452894e-09	3.636147360693953e-09	0.35668972347780503
Cluster234	1.2505726420879403e-09	3.529170156527049e-09	0.36153711169669156
Cluster210	1.507818895398949e-09	4.2795177427857875e-09	0.3622939583921038
Cluster289	1.2828063371161203e-09	3.7205632091112518e-09	0.36512679781586754
Cluster427	1.196423533907687e-09	3.545723155149144e-09	0.36789743115490076
Cluster282	1.1805669516007618e-09	3.671718363224441e-09	0.37390445818921814
Cluster195	1.4036263921989386e-09	4.571870317931526e-09	0.3794165079939019
Cluster441	1.2800298769270253e-09	4.279571284488708e-09	0.38243097229355144
Cluster80	1.162172958805575e-09	3.956886362429492e-09	0.3844901554153696
Cluster245	1.1191031076704168e-09	3.9292434925493045e-09	0.38789336662790164
Cluster165	1.2762822666850686e-09	4.595833455257499e-09	0.39061971697770304
Cluster6	1.1385805054122342e-09	4.217216026246699e-09	0.39358631299736413
Cluster298	1.0415514259144e-09	3.9455684144922556e-09	0.3958976380464482
Cluster294	1.0234389510104191e-09	3.964970983539901e-09	0.3981570859878535
Cluster415	1.1740388058310146e-09	4.624106690418803e-09	0.3997882354461658
Cluster78	9.477869492951972e-10	3.8597314486960704e-09	0.40301230134277594
Cluster431	1.063540273630706e-09	4.352508418228671e-09	0.40347945047238554
Cluster21	9.507124115142191e-10	3.9293864796936175e-09	0.4044097142400615
Cluster226	8.862799272277022e-10	3.912263670358463e-09	0.410391151968987
Cluster323	9.369880232782127e-10	4.14673218174208e-09	0.4106169764689693
Cluster154	8.593536138855076e-10	3.8406053752049206e-09	0.41147407901729116
Cluster191	9.61437396363805e-10	4.439906173391698e-09	0.4142816591928184
Cluster321	7.157431037127099e-10	3.5414165340877794e-09	0.419916754976945
Cluster301	9.031750686132926e-10	4.492077642387212e-09	0.4203260087940379
Cluster244	7.641659119003522e-10	3.803983239044609e-09	0.4203939669409009
Cluster397	7.799896101400586e-10	3.8891184332739785e-09	0.420522523640746
Cluster318	7.015804400704393e-10	3.6815935596986755e-09	0.4244334660707112
Cluster263	6.968765630399834e-10	3.72912678204049e-09	0.42587974146621044
Cluster370	6.784697657428326e-10	3.686164848439291e-09	0.4269838032319865
Cluster344	6.790827036188559e-10	3.773458341618517e-09	0.4285908265278768
Cluster398	6.612204851606205e-10	3.8657701640607015e-09	0.43209420857517084
Cluster101	6.275221013847168e-10	3.970485728699437e-09	0.4372100064159718
Cluster315	5.471851659071327e-10	3.506813908835929e-09	0.4380027774937405
Cluster103	5.528265043709296e-10	3.746135857422161e-09	0.44134009326499074
Cluster89	6.294272344246342e-10	4.2655762973046664e-09	0.44134512379277147
Cluster304	5.858712450788229e-10	4.0142559705841895e-09	0.44198135558007295
Cluster308	5.232178642962431e-10	3.9406675096808895e-09	0.4471860911114305
Cluster229	4.4193559423757294e-10	3.509582772239493e-09	0.44989661823512245
Cluster111	4.480232615935752e-10	3.5770326465963263e-09	0.45016282585947587
Cluster32	4.469903415339245e-10	3.5868822738952906e-09	0.4504129615877555
Cluster380	4.94666013250932e-10	3.998958290819644e-09	0.450776913441806
Cluster11	5.146774068460632e-10	4.342584724252391e-09	0.4528283476790355
Cluster385	4.1242159055801977e-10	3.6018127703581367e-09	0.4544191795503999
Cluster98	3.612752761478991e-10	3.4706601936235254e-09	0.45854733339682996
Cluster145	4.000948959692393e-10	4.313984910334558e-09	0.46305359193699386
Cluster331	3.3676486413042674e-10	3.977713310163706e-09	0.4662646837857492
Cluster291	2.8854319862981647e-10	3.768569612646467e-09	0.46948452014877906
Cluster305	2.827343997158801e-10	3.7242858847160764e-09	0.46974280216671915
Cluster450	3.1809051250392564e-10	4.2607352409644366e-09	0.47024410922603027
Cluster193	3.1941943139846583e-10	4.4822511405982e-09	0.4715941528122634
Cluster164	2.386288470895718e-10	4.123150312782908e-09	0.4769239513340005
Cluster208	1.6232335591238054e-10	4.087210510121001e-09	0.484160191853005
Cluster343	1.0057330670792291e-10	3.5357873500893403e-09	0.4886538610659302
Cluster453	1.0458746896072423e-10	4.07944017511829e-09	0.48977315730055776
Cluster422	5.34878959013722e-11	4.097354240141313e-09	0.49479225474150323
Cluster409	-2.4858000604802803e-11	3.8313466578018345e-09	0.5025883426268776
Cluster22	-5.054987261366374e-11	3.8913104334557405e-09	0.5051822938892738
Cluster342	-8.00945511626526e-11	4.066701623383851e-09	0.5078567448985124
Cluster443	-1.2419778065339553e-10	3.944892331306143e-09	0.5125578996021853
Cluster353	-1.472264337874441e-10	4.339166810457791e-09	0.5135333773213219
Cluster451	-1.5573781333699436e-10	4.2450572684142326e-09	0.514632656318778
Cluster303	-2.5875383305230836e-10	4.278399050182893e-09	0.5241129795712214
Cluster236	-2.6823329319711587e-10	4.427447434292105e-09	0.5241548154247492
Cluster408	-2.403914058343396e-10	3.6891682676322695e-09	0.5259772568979245
Cluster292	-2.414485609542841e-10	3.6047207283006303e-09	0.526701669611833
Cluster381	-2.9687132452407883e-10	3.901375969204204e-09	0.5303278453901293
Cluster358	-3.2786781873505745e-10	4.283269035686406e-09	0.5305077063735798
Cluster295	-2.934667080329336e-10	3.749128914758816e-09	0.531195734609394
Cluster237	-3.6908520232012823e-10	3.999324708436954e-09	0.5367649442218109
Cluster161	-4.345991426099422e-10	4.066487127693945e-09	0.5425552761067427
Cluster335	-3.9897880001520315e-10	3.608896631101181e-09	0.5440150792584624
Cluster285	-4.3326630482149254e-10	3.917945185312837e-09	0.5440273126610365
Cluster460	-4.771307461571145e-10	4.2829197908159405e-09	0.5443516679621994
Cluster296	-4.315146782569237e-10	3.7770787775346985e-09	0.5454784524659472
Cluster3	-5.072307185627244e-10	4.362487955347494e-09	0.5462811050624327
Cluster423	-4.172519971885372e-10	3.5579356050289985e-09	0.546678386533148
Cluster349	-4.718368834310758e-10	3.954210810680142e-09	0.5474911290330376
Cluster334	-4.919594028295933e-10	3.529546664590446e-09	0.5554263145404028
Cluster379	-7.419036065114459e-10	4.2000317393133225e-09	0.5701053488419084
Cluster345	-6.214636787466868e-10	3.444032024897976e-09	0.571598991706206
Cluster319	-6.664821485364835e-10	3.5912678815873917e-09	0.5736145307952996
Cluster7	-7.906837055100563e-10	4.150158249685668e-09	0.5755487442401092
Cluster406	-6.080582968444677e-10	3.0822403166607414e-09	0.5781950143882771
Cluster192	-1.1192920520232767e-09	4.838987304159614e-09	0.5914618789040313
Cluster361	-9.70598847505765e-10	4.134588171036278e-09	0.5927990124641977
Cluster190	-1.0906696251810446e-09	4.5082238533650625e-09	0.5955823708030692
Cluster362	-1.0701729798225467e-09	4.307396326974192e-09	0.59810690674903
Cluster197	-1.1335038723547747e-09	4.505236487468118e-09	0.5993237015248436
Cluster77	-1.017916267061846e-09	3.9795885205653415e-09	0.6009413015378491
Cluster284	-1.000398346892773e-09	3.878366131257898e-09	0.6017746455950217
Cluster8	-1.0209003331571835e-09	3.950898977445679e-09	0.6019497234361503
Cluster448	-9.870262713655472e-10	3.769551904708408e-09	0.6032782959538096
Cluster454	-1.1133471709359738e-09	4.2016297067905966e-09	0.6044875042136428
Cluster360	-9.952811820010915e-10	3.7525494288309196e-09	0.6045830871215551
Cluster320	-9.21882685456378e-10	3.39901697842784e-09	0.6068892313801479
Cluster10	-1.1671643924090196e-09	4.194994280384004e-09	0.6095812853314391
Cluster4	-1.102922226045405e-09	3.909312825196748e-09	0.6110768881805465
Cluster215	-1.2797051757891115e-09	4.48648900154837e-09	0.6122680730779152
Cluster214	-1.344565643428654e-09	4.509816168902665e-09	0.6172026091469888
Cluster383	-1.1157756898665122e-09	3.719616107229675e-09	0.6179002313223991
Cluster286	-1.1471950730426332e-09	3.725389334493223e-09	0.6209358712664841
Cluster42	-1.2184179494486508e-09	3.7273712695971355e-09	0.6281221802899803
Cluster194	-1.7418909655342525e-09	4.9122420426925175e-09	0.6385561197829462
Cluster30	-1.3818897951404258e-09	3.741546266447268e-09	0.6440615578372056
Cluster36	-1.352370290440901e-09	3.6590020659274964e-09	0.6441600428645426
Cluster209	-1.5250113780092708e-09	4.0702540427015945e-09	0.6460478962650185
Cluster166	-1.6639123395343628e-09	4.338246601342168e-09	0.6493421056355918
Cluster41	-1.4989316993822829e-09	3.907844664880177e-09	0.649351384171082
Cluster300	-1.522897543001344e-09	3.874834983461065e-09	0.6528485884603388
Cluster46	-1.5043366500272882e-09	3.7433808851694794e-09	0.6561085930651108
Cluster33	-1.4539572251769448e-09	3.6075802708327267e-09	0.6565363258963874
Cluster458	-1.6758868594691707e-09	3.803757692244934e-09	0.6702440557402414
Cluster426	-1.6769027674816114e-09	3.752991720271407e-09	0.6724966200781275
Cluster81	-1.8590474887854483e-09	4.007785670953288e-09	0.6786256185803916
Cluster151	-1.8818458836443526e-09	3.683506947538837e-09	0.6952839637757449
Cluster47	-1.9331907459145027e-09	3.7462569986291005e-09	0.6970841803340839
Cluster302	-2.3576807809210493e-09	4.4382740182827755e-09	0.7023653381409006
Cluster314	-2.1739929113898e-09	4.083816023763815e-09	0.7027559449994628
Cluster82	-2.268523495105077e-09	4.088500257763504e-09	0.7105029680625208
Cluster306	-2.2448607998279016e-09	3.847639860694541e-09	0.7202008891963146
Cluster48	-2.343944787011989e-09	3.8809866316849946e-09	0.7270635199697006
Cluster457	-2.489709692693118e-09	4.076732112994642e-09	0.729304908054447
Cluster276	-2.4183690567484615e-09	3.946896810749111e-09	0.7299714673951192
Cluster14	-2.8965118330897463e-09	4.247561812238064e-09	0.7523563089326806
Cluster341	-2.555964753622047e-09	3.6836312499443816e-09	0.7561184317862082
Cluster18	-2.9772346573724804e-09	4.2148140071964054e-09	0.7600221798905986
Cluster246	-3.1198939098288157e-09	4.3322356425561704e-09	0.764286122471149
Cluster351	-2.8543008853379935e-09	3.933653009807326e-09	0.7659612834889651
Cluster414	-2.819404339787356e-09	3.867738628243169e-09	0.7669851623323141
Cluster45	-2.717112749586676e-09	3.6694202002128112e-09	0.7704939904514393
Cluster382	-3.038239571416108e-09	3.90593136718782e-09	0.7816720956857777
Cluster15	-3.306704693468639e-09	4.1697343535277326e-09	0.786118448708556
Cluster322	-2.8399636575111946e-09	3.5261535279831534e-09	0.7897055218985604
Cluster50	-3.4598993775581224e-09	4.2324523532439126e-09	0.7931698239746889
Cluster17	-3.496013086965771e-09	4.173106033260802e-09	0.7989140002662652
Cluster51	-3.091463854333483e-09	3.6550571343416186e-09	0.8011690989401709
Cluster359	-3.5261922008175043e-09	4.1535447725678305e-09	0.8020481464989284
Cluster23	-3.754569476230772e-09	3.962153874648278e-09	0.8283355233238856
Cluster43	-3.857623901032544e-09	3.9306452164500465e-09	0.8368077978827522
Cluster28	-4.117893833310362e-09	4.123964970338854e-09	0.8409882641961639
Cluster64	-3.277489130773749e-09	3.1950014858230333e-09	0.8475112433866763
Cluster49	-4.269738912971782e-09	4.11294400854178e-09	0.8503934407488658
Cluster352	-4.382267539733036e-09	4.195489149272389e-09	0.8518773007785694
Cluster25	-4.517008580243195e-09	4.152737954420848e-09	0.8616402308420501
Cluster16	-4.526484568939212e-09	4.090103163965916e-09	0.8657864485683111
Cluster44	-4.106340756936224e-09	3.6845229038710114e-09	0.8674641355338947
Cluster12	-4.685328028586346e-09	4.18296144604417e-09	0.8686640637190546
Cluster459	-4.364018840836347e-09	3.88659948175198e-09	0.8692466982075314
Cluster9	-4.738655333563996e-09	4.17172509334183e-09	0.8720004296439504
Cluster76	-4.654380259245061e-09	4.0313771133455675e-09	0.8758602769195258
Cluster68	-5.046036443656101e-09	4.226198975013468e-09	0.8837589272570663
Cluster66	-4.992079713951901e-09	4.026457866878578e-09	0.8924788598800188
Cluster72	-4.714074549978709e-09	3.658523618275908e-09	0.9012171946547589
Cluster59	-4.710250856328362e-09	3.541430111390831e-09	0.908247786392851
Cluster40	-4.895883431323432e-09	3.6399144326511236e-09	0.9106961887656322
Cluster69	-5.892322808469615e-09	4.331166111547297e-09	0.9131557746376304
Cluster307	-5.368661800229123e-09	3.7106281052600463e-09	0.926028247484216
Cluster24	-5.99960707277111e-09	4.031163889588169e-09	0.9316649478853681
Cluster267	-5.487754420067884e-09	3.640705110503895e-09	0.9341373196476015
Cluster455	-6.003115573878429e-09	3.737222800776141e-09	0.945896423465796
Cluster20	-6.359483367049394e-09	3.887757543789253e-09	0.9490563007459555
Cluster56	-5.959139953496417e-09	3.631350718484815e-09	0.9496039625891323
Cluster73	-6.151482218170742e-09	3.7346750426375895e-09	0.9502339760078218
Cluster346	-5.916125919515599e-09	3.374922217251042e-09	0.9601961296899091
Cluster74	-6.860070523144005e-09	3.827061839227894e-09	0.9634748454499508
Cluster26	-7.079173578928216e-09	3.9217898803898434e-09	0.9644694983824147
Cluster70	-7.250492533914014e-09	4.015558501081732e-09	0.9645095806903403
Cluster71	-7.254065781403517e-09	3.913573616382732e-09	0.9680993400142165
Cluster75	-7.309294880993259e-09	3.761516532200479e-09	0.9740026516393737
Cluster27	-7.222265412068098e-09	3.6040461370463506e-09	0.9774613575890563
Cluster13	-8.449800546527e-09	4.190361703206375e-09	0.9781253452862192
Cluster62	-6.757858981064958e-09	3.3141336174755358e-09	0.9792801132099447
Cluster65	-7.75490036100485e-09	3.78444679303944e-09	0.9797762909216186
Cluster53	-7.824110466699869e-09	3.7301494581331084e-09	0.982026777222506
Cluster54	-7.580441350836018e-09	3.602515316416835e-09	0.9823198441021503
Cluster60	-7.930162950346369e-09	3.3547693824528413e-09	0.9909568701441938
Cluster58	-8.355153588466628e-09	3.509463213141923e-09	0.9913612771077681
Cluster29	-9.454258837785526e-09	3.9062286008940445e-09	0.9922462214327902
Cluster52	-9.005418531901135e-09	3.608682462836614e-09	0.9937107737272758
Cluster67	-9.961766599380281e-09	3.953446447687619e-09	0.9941283844200217
Cluster57	-9.282780490870565e-09	3.451580109272161e-09	0.9964212840924984
Cluster19	-1.0577951394336994e-08	3.8914389708763934e-09	0.996718709333027
Cluster63	-9.510430329683367e-09	3.320370676946306e-09	0.9979101266639413
Cluster61	-1.0239795226634543e-08	3.4416278691849347e-09	0.9985363781293283
Cluster55	-1.0896505827103754e-08	3.6362029002276136e-09	0.9986352769729253
