Name	Coefficient	Coefficient_std_error	Coefficient_P_value
Cluster287	3.673844115811517e-08	7.741604519519628e-09	1.039523663134641e-06
Cluster404	3.599497858929419e-08	7.836336422489209e-09	2.181009378541091e-06
Cluster403	3.632086121651449e-08	7.981336100611417e-09	2.673076370246244e-06
Cluster228	3.5047705081581e-08	7.82016827791299e-09	3.7024132491088077e-06
Cluster273	3.508564702337364e-08	7.840316672962693e-09	3.8200413111683574e-06
Cluster240	3.661515575324688e-08	8.200719759836578e-09	4.005850616213208e-06
Cluster217	3.4607931566080486e-08	7.962822931072563e-09	6.926168518045047e-06
Cluster188	3.390692318902777e-08	7.841668296332377e-09	7.663261312549559e-06
Cluster272	3.610369967695023e-08	8.554024273834442e-09	1.21789525603398e-05
Cluster270	3.6769208767475566e-08	9.053211577070508e-09	2.4383940362740194e-05
Cluster241	3.479586533788417e-08	8.580769916359477e-09	2.505661393734979e-05
Cluster269	3.389480740433233e-08	8.438436281043731e-09	2.950730657267499e-05
Cluster233	3.335538414446632e-08	8.440931006635847e-09	3.881134383877404e-05
Cluster178	2.7731358268026255e-08	7.216019465060397e-09	6.076302496663399e-05
Cluster242	3.0470363853231264e-08	7.932354397437456e-09	6.1198158902257e-05
Cluster231	3.2867925863566474e-08	8.569412718000424e-09	6.265623755972892e-05
Cluster167	3.457945044392566e-08	9.016411426388168e-09	6.273930872890118e-05
Cluster179	3.6749386062078917e-08	9.65481156544417e-09	7.052246018822052e-05
Cluster296	3.26959796077694e-08	8.613141845341445e-09	7.350777874825872e-05
Cluster239	3.165171394231682e-08	8.375240309368432e-09	7.866629269379837e-05
Cluster275	3.0703339702088695e-08	8.138760393742148e-09	8.081531296642803e-05
Cluster229	2.9579397139304813e-08	7.845443385101977e-09	8.153729225846531e-05
Cluster274	3.204532082853865e-08	8.675495592463676e-09	0.0001104750563512025
Cluster243	3.2176574625860615e-08	8.777624689961844e-09	0.00012330754785734984
Cluster250	2.9470399163796975e-08	8.141215673348106e-09	0.0001473575684596013
Cluster254	3.034791958977042e-08	8.51859717449187e-09	0.0001836356854786469
Cluster281	2.973066617493961e-08	8.420427451965272e-09	0.00020716909951114034
Cluster227	2.894022293270048e-08	8.201545374816427e-09	0.00020885798743357825
Cluster282	2.7749169599356606e-08	7.89819355327862e-09	0.00022124168282034985
Cluster286	2.862863119558837e-08	8.267417483017636e-09	0.0002672666141302097
Cluster123	3.374909003988673e-08	9.810238226844343e-09	0.00029065225016670427
Cluster283	2.779666288097091e-08	8.194058053500833e-09	0.00034654876150386514
Cluster202	2.4918240387897698e-08	7.4075631158171985e-09	0.00038425841375316124
Cluster289	2.6511034076190653e-08	8.093551211900626e-09	0.00052723554420549
Cluster230	2.5340950479939584e-08	7.744362505669386e-09	0.0005336074570376726
Cluster251	2.8854842113284663e-08	8.884555393695632e-09	0.0005816008413477231
Cluster288	2.8940784785768998e-08	9.050982021690089e-09	0.0006930504300739545
Cluster271	2.598875116364654e-08	8.222492539566559e-09	0.0007869791710016685
Cluster122	3.0585518443923905e-08	9.688587598459744e-09	0.0007973883996507051
Cluster252	2.7915957486617327e-08	9.054375892677169e-09	0.0010241252209696214
Cluster249	2.5613388610522476e-08	8.380633554174862e-09	0.0011205870042776975
Cluster253	2.669162831408654e-08	8.741930342077494e-09	0.001131744119861983
Cluster149	2.552995999138324e-08	8.388692510067246e-09	0.0011696924202311118
Cluster206	2.48079392283774e-08	8.359082373421498e-09	0.0014997820107789709
Cluster200	2.3002369107310728e-08	7.784846067261457e-09	0.0015645505373600257
Cluster277	2.3204310415782252e-08	7.986760615723655e-09	0.0018342311823796175
Cluster207	2.4455030607373362e-08	8.485434362982232e-09	0.0019757921843958606
Cluster225	2.4500021159630163e-08	8.508512356317666e-09	0.0019917097736465903
Cluster222	2.2864560819027843e-08	8.077628242702346e-09	0.002323015588589114
Cluster284	2.3452404246791073e-08	8.337472687468519e-09	0.0024549123965967724
Cluster245	2.3457089701703784e-08	8.382477507223032e-09	0.002568236433195625
Cluster279	2.472140040587772e-08	8.838198552037436e-09	0.0025781106276662187
Cluster234	2.083848713670128e-08	7.672599092051827e-09	0.003304175696567657
Cluster311	2.368178934985857e-08	8.80330809918036e-09	0.003571518096663245
Cluster124	2.2323168777927984e-08	8.399534416242126e-09	0.003934175165588844
Cluster262	2.0106877560175485e-08	7.608192426551569e-09	0.004111264595878977
Cluster290	2.1159739746912798e-08	8.0810659168576e-09	0.004416715688943595
Cluster155	1.8483729739402993e-08	7.0711893334902625e-09	0.004475117084620536
Cluster129	2.435724918765467e-08	9.329310017233497e-09	0.004516129545231211
Cluster110	2.1472203886474736e-08	8.226664518272746e-09	0.004526130774623898
Cluster146	2.3102481266711688e-08	8.868231070152559e-09	0.0045925953701976266
Cluster426	2.179291957534427e-08	8.407491026609469e-09	0.004769829392163666
Cluster125	2.1462407290073508e-08	8.453505252550392e-09	0.005560450875042882
Cluster113	2.632316291200617e-08	1.0368216321484296e-08	0.005561155480524442
Cluster268	2.114286601459886e-08	8.433184938458184e-09	0.006086256134722015
Cluster293	2.0442068736139573e-08	8.181505155670355e-09	0.006234764035777087
Cluster226	2.0439694967863145e-08	8.190907277378801e-09	0.006290533450116037
Cluster177	2.193423382470594e-08	8.800662006883328e-09	0.006345241113806038
Cluster260	2.0679455146846104e-08	8.499574857269891e-09	0.00748717594417485
Cluster265	1.7326172469890837e-08	7.175457093492502e-09	0.007875303704679378
Cluster248	2.244337406254004e-08	9.367786234936044e-09	0.008291991525404526
Cluster261	1.8169522045457972e-08	7.583908261110075e-09	0.008292084324634125
Cluster439	1.9458301050240143e-08	8.141880770662017e-09	0.008426423497886148
Cluster208	2.023099802536424e-08	8.478769705109032e-09	0.008514590809076976
Cluster295	2.1025813080522773e-08	8.860996880708801e-09	0.008825724435952692
Cluster280	2.0797378193991822e-08	8.77676319355518e-09	0.008903778801579679
Cluster150	2.161421610128296e-08	9.237110977908546e-09	0.009643612931137444
Cluster278	1.866757371012895e-08	8.004032571789651e-09	0.009843217396469074
Cluster223	1.8957638757293116e-08	8.144147559083429e-09	0.009962367407354174
Cluster259	1.810613217478069e-08	8.083413568323467e-09	0.012548329779713666
Cluster405	1.9486870963554892e-08	8.768525971698181e-09	0.013129302217951335
Cluster132	2.1147896701280933e-08	9.660681746085457e-09	0.014295921025153315
Cluster237	1.78579126843888e-08	8.173968586654825e-09	0.014454332249496616
Cluster108	1.649313550907853e-08	7.659742423551446e-09	0.01565056846411836
Cluster210	1.756421030575616e-08	8.196944741701268e-09	0.01606557485870264
Cluster212	1.9311730283741404e-08	9.059251688995056e-09	0.01651519790474509
Cluster310	1.9474987496400992e-08	9.13585878813669e-09	0.016515410327951074
Cluster266	1.7175254015488446e-08	8.132767865441059e-09	0.017349298823734288
Cluster401	1.6148311572203972e-08	7.720986950479828e-09	0.018242402378795798
Cluster151	1.7719796770573176e-08	8.611582289986357e-09	0.019810898537143306
Cluster147	1.804075248530326e-08	8.828942057697195e-09	0.020508152478224843
Cluster437	1.5960247839208055e-08	7.958213601852171e-09	0.02245447178338535
Cluster256	1.4742699595539176e-08	7.417938324370733e-09	0.02343688717883821
Cluster343	1.8093675988793912e-08	9.141380132396553e-09	0.02389024407081671
Cluster220	1.5733821929286692e-08	8.084521769790681e-09	0.025817397338864994
Cluster264	1.470041946608742e-08	7.602370753351596e-09	0.02657731682353481
Cluster115	1.75053307928476e-08	9.055053196028985e-09	0.026605089145727717
Cluster312	1.688221995037538e-08	8.798434766015733e-09	0.027506383911223717
Cluster263	1.4591225570188178e-08	7.694032803716977e-09	0.028951338371668606
Cluster216	1.541450352212752e-08	8.15576131226108e-09	0.029378040075349724
Cluster224	1.6321620002236048e-08	8.644995345009753e-09	0.029513994013915006
Cluster121	1.5631337727711116e-08	8.491593286793977e-09	0.03282532588112801
Cluster221	1.5377402322910197e-08	8.449813741342158e-09	0.034390846304253646
Cluster456	1.4866098371313711e-08	8.294303417254058e-09	0.03654035430775715
Cluster203	1.3732332082320024e-08	7.669145242662645e-09	0.036679165921138616
Cluster434	1.6110700378540273e-08	9.034500753281584e-09	0.03727346646891146
Cluster292	1.6007167193294893e-08	9.013137861237602e-09	0.03786797320590079
Cluster109	1.3353379376408614e-08	7.549493245527882e-09	0.038465444725621724
Cluster118	1.631618986094284e-08	9.267571104199134e-09	0.03915576764103184
Cluster156	1.5399855501184848e-08	8.749224477295209e-09	0.03919207936356495
Cluster117	1.820584555223114e-08	1.0345408323738006e-08	0.039220894464213285
Cluster294	1.6078805996270483e-08	9.156510193157461e-09	0.03954444579826748
Cluster307	1.2556467302480199e-08	7.233743515571886e-09	0.04129794782093521
Cluster309	1.4280154181994954e-08	8.353759961943046e-09	0.043685815806939046
Cluster218	1.2591399368373032e-08	7.36617829451859e-09	0.04369278563076447
Cluster201	1.353212304247572e-08	7.970488315707256e-09	0.04477479537734403
Cluster429	1.2924453855773246e-08	7.646621548489219e-09	0.04549317205732979
Cluster258	1.2650098934685363e-08	7.627724250589845e-09	0.04861466253893771
Cluster133	1.6185358451122112e-08	9.777255358269394e-09	0.04892076073704063
Cluster106	1.6012920311769416e-08	9.838585278946996e-09	0.05180875827142217
Cluster135	1.4550973016453715e-08	8.959284775663409e-09	0.05217486880568154
Cluster440	1.3946115111025752e-08	8.689099683571963e-09	0.05424550784404929
Cluster255	1.356724934816507e-08	8.468536828018345e-09	0.05456927506132666
Cluster120	1.4091787227189923e-08	8.829347463617874e-09	0.05524251694885898
Cluster131	1.4899168726546354e-08	9.516599590409843e-09	0.058721386138108664
Cluster423	1.342139259402962e-08	8.622861820820003e-09	0.05979588655081626
Cluster427	1.072238736696214e-08	7.012335865084798e-09	0.0631229277712066
Cluster291	1.1951991407344752e-08	7.854330545965239e-09	0.06404123033992543
Cluster267	1.263293936083768e-08	8.324655829941443e-09	0.064566092851002
Cluster148	1.3013298683030734e-08	8.59246297805267e-09	0.06494933778002682
Cluster152	1.3165165314258566e-08	8.764611993294023e-09	0.06653797526542304
Cluster444	1.1483463009048229e-08	7.719249664796321e-09	0.06842295602260871
Cluster119	1.397151440443437e-08	9.482584016985147e-09	0.07032337972401406
Cluster428	1.2265036047015504e-08	8.403033583409078e-09	0.07220053950150158
Cluster141	1.352420158550501e-08	9.291531208263037e-09	0.07275981938862372
Cluster98	1.267287795849851e-08	8.901705203154933e-09	0.07727447088231405
Cluster406	1.0846175866554813e-08	7.757985033622603e-09	0.0810466095925993
Cluster285	1.1340545579676147e-08	8.11673215062852e-09	0.0811795440777387
Cluster185	1.159834295548698e-08	8.625103520265724e-09	0.08935795376791578
Cluster438	1.054721137507523e-08	7.90394689456925e-09	0.0910325741993468
Cluster436	1.0951106338211407e-08	8.21075321666614e-09	0.09114261697989035
Cluster2	1.546644632997233e-08	1.1683025979424845e-08	0.09277824751979619
Cluster219	9.372304479494053e-09	7.141778526822751e-09	0.09470595918758395
Cluster153	1.09410057776451e-08	8.439448801177228e-09	0.09741672720211259
Cluster306	9.661828894460389e-09	7.48605575120605e-09	0.09841366935135115
Cluster300	1.082006580176439e-08	8.471177370610452e-09	0.1007516982702118
Cluster136	1.1166361331261941e-08	8.757985127785735e-09	0.1011560295784048
Cluster116	1.3231411745165435e-08	1.038031511272905e-08	0.10121413524829193
Cluster232	9.928656889594959e-09	7.795160632539207e-09	0.101385769852822
Cluster435	1.061952088671983e-08	8.349194683934295e-09	0.10170049193120761
Cluster433	1.0119348089479771e-08	8.021150380141952e-09	0.10354941290630976
Cluster139	9.817121208789213e-09	7.84673294750828e-09	0.10544728652781732
Cluster209	1.0592287169128052e-08	8.507880878295228e-09	0.10656640490704289
Cluster193	1.0423963947632858e-08	8.579336710385875e-09	0.11218149320269372
Cluster137	9.266864433722452e-09	7.731686263429745e-09	0.11535018018535281
Cluster140	1.0809333242765543e-08	9.20105265711214e-09	0.12003874917515434
Cluster163	9.058037758737747e-09	7.711643813238345e-09	0.12007892448945795
Cluster168	1.0138935421152244e-08	8.737734540079544e-09	0.12295071881643421
Cluster180	1.0525504744582847e-08	9.254590512599153e-09	0.12770060082388524
Cluster446	9.087251538445237e-09	8.165279999531285e-09	0.1328727592789114
Cluster305	7.813678179052395e-09	7.097798431972509e-09	0.13547892556046504
Cluster304	9.48260393555207e-09	8.71343714846207e-09	0.1382371626101545
Cluster441	9.70459005155097e-09	8.990382730557532e-09	0.1401955333139832
Cluster172	8.880213926791255e-09	8.268036115113294e-09	0.14140204053484196
Cluster204	9.210251904350375e-09	9.000346662473836e-09	0.1530778347278401
Cluster164	8.00320338165931e-09	7.867893858282895e-09	0.15452969966230146
Cluster386	7.5358077590553e-09	7.434387990090504e-09	0.15537680937040776
Cluster99	8.539286120895773e-09	8.660796851354056e-09	0.16207391021589979
Cluster430	8.886800952996878e-09	9.017377160673403e-09	0.16218448103514504
Cluster244	8.43288977808918e-09	8.769063924036485e-09	0.16810930062482027
Cluster126	7.79059525712474e-09	8.119214771800553e-09	0.16864698893749452
Cluster134	9.070770648495722e-09	9.4720409635432e-09	0.16912308371360574
Cluster298	7.838280609793554e-09	8.244980892235665e-09	0.1708852026097714
Cluster138	8.198816891036966e-09	8.73102413147334e-09	0.1738540457020395
Cluster194	9.475213721981576e-09	1.014008258443667e-08	0.1750406485885111
Cluster100	8.050833891846738e-09	8.908458424166e-09	0.18306950922451654
Cluster161	7.25950973871268e-09	8.210485553379768e-09	0.18830075503545868
Cluster104	8.11172735882136e-09	9.334506002589931e-09	0.19242234534418656
Cluster93	7.651884559223365e-09	8.853272399369327e-09	0.19371151711224804
Cluster445	7.376478399665724e-09	8.699524442304107e-09	0.19824197863638032
Cluster452	7.214576754707275e-09	8.856298312068447e-09	0.20764302131564027
Cluster154	6.416243404322069e-09	7.998023676505767e-09	0.21121036525788806
Cluster371	6.941280400248355e-09	8.811488293082684e-09	0.21542046392885844
Cluster107	6.463554272929139e-09	8.55501481288467e-09	0.22496608273301832
Cluster157	6.6033092255970095e-09	8.763313699663742e-09	0.22556953407665514
Cluster347	6.212739469673221e-09	8.256668776309361e-09	0.22588991440558032
Cluster238	5.990402247291109e-09	8.081652073855874e-09	0.22927552494977588
Cluster363	5.976547335886921e-09	8.339235736924997e-09	0.23678638158377596
Cluster195	6.41437502171729e-09	9.054081376869132e-09	0.23933254636010165
Cluster420	5.7676111708572186e-09	8.4805253943871e-09	0.24822035385834873
Cluster173	6.383276399009472e-09	9.430389303746798e-09	0.24923988705084593
Cluster85	6.452298193843549e-09	9.556364653158426e-09	0.2497796453375215
Cluster41	5.486725525099312e-09	8.178674983041301e-09	0.25115565370106474
Cluster247	5.671801605323207e-09	8.491925905391152e-09	0.2520970488627371
Cluster447	5.728951199913619e-09	8.612833232673582e-09	0.2529726311367309
Cluster344	5.272352569412923e-09	8.046649963962983e-09	0.2561619964230095
Cluster114	6.576920110113813e-09	1.0045005913649291e-08	0.256315886615324
Cluster364	5.69006095619635e-09	8.70120096858108e-09	0.2565753201025384
Cluster213	5.490631621910222e-09	8.431035141303308e-09	0.2574456220796447
Cluster257	4.841606432254183e-09	7.509862379905965e-09	0.25956088774122094
Cluster103	5.504497297839965e-09	8.648040750996266e-09	0.2622245611629078
Cluster162	5.3791092302133854e-09	8.660349654264448e-09	0.2672606069619261
Cluster424	4.805467397316516e-09	7.759764261081927e-09	0.26786593395112857
Cluster158	5.2181536850432404e-09	8.75902661604431e-09	0.27567251436682066
Cluster90	5.143583547078179e-09	8.669184428604259e-09	0.27648416267934633
Cluster334	5.028426859327949e-09	8.773475329277184e-09	0.2832750605006584
Cluster205	4.5564403810221864e-09	8.032252489098357e-09	0.28526603291427066
Cluster40	4.382868390820353e-09	7.8881996329426e-09	0.2892341617593052
Cluster388	4.973138303434835e-09	8.999147004959759e-09	0.2902606923451606
Cluster159	4.636568775496019e-09	8.419490664600475e-09	0.29092149370710496
Cluster374	5.38905962388434e-09	1.0424851942914924e-08	0.3025977943680215
Cluster214	4.040513621291825e-09	8.250248300442953e-09	0.3121573587461146
Cluster144	4.229803407053063e-09	8.653898393937324e-09	0.3125007360427434
Cluster130	4.6737661145759614e-09	9.565229637091381e-09	0.31255524185578565
Cluster128	4.087185602895378e-09	8.412494062938025e-09	0.3135377987696659
Cluster375	3.4218729860140186e-09	8.375297785721013e-09	0.3414286080290281
Cluster160	3.306459855612324e-09	8.113492304483652e-09	0.34181081526711427
Cluster372	3.9825293716617754e-09	9.93098066385739e-09	0.3442024213058249
Cluster215	3.443383917634854e-09	8.70530768819309e-09	0.34621853731590285
Cluster175	3.4038284822680693e-09	8.85164361444421e-09	0.3502883971403385
Cluster97	3.3449864976564933e-09	8.887994950715165e-09	0.35332879113061433
Cluster199	3.2788984775867136e-09	8.888228068878737e-09	0.35609982579284305
Cluster211	3.1104687735359147e-09	8.493512733607597e-09	0.357101578015273
Cluster425	3.161675126254139e-09	8.834195699487018e-09	0.3602126128184294
Cluster127	2.9217344025671366e-09	8.577553670869699e-09	0.3666927257623002
Cluster47	2.7835868422536593e-09	8.432947823210274e-09	0.3706679912010111
Cluster348	2.6761804596048717e-09	8.17513149074239e-09	0.3716992229513537
Cluster101	2.8897089461938587e-09	8.906220659250935e-09	0.37279504534625707
Cluster349	3.0897980405469353e-09	9.635188523828349e-09	0.3742270116598959
Cluster111	2.757576379969947e-09	8.616620522025441e-09	0.37447282457769815
Cluster86	2.723981000437678e-09	8.774393023922544e-09	0.37811065835649227
Cluster350	2.472876426608442e-09	8.073342726712794e-09	0.37968757505001255
Cluster165	2.51372344038919e-09	8.551582628341134e-09	0.3843986929377823
Cluster189	2.452084044463947e-09	8.752918874899058e-09	0.3896832364418863
Cluster170	2.241881449869844e-09	8.065066707998288e-09	0.3905160351600907
Cluster369	2.5448169887272816e-09	9.222345071773748e-09	0.39129694663442627
Cluster1	2.8076643001277737e-09	1.0726791911545165e-08	0.39675973565179096
Cluster37	1.874206309879754e-09	7.345468949090573e-09	0.39930310282790216
Cluster42	1.958224114772022e-09	7.726985998684153e-09	0.39996927104611196
Cluster308	2.022849816504093e-09	8.976068924868766e-09	0.41084948664023047
Cluster46	1.8837210699307888e-09	8.4027204878271e-09	0.4113086600249791
Cluster51	1.6771286411369981e-09	8.057457743914054e-09	0.4175574349422493
Cluster341	1.6338729664972574e-09	8.06028958195555e-09	0.41968222718933956
Cluster84	1.6691298790062882e-09	8.354840252900142e-09	0.4208263268406408
Cluster442	1.6106101459006202e-09	8.12698181265446e-09	0.4214518820272759
Cluster102	1.468122367349259e-09	8.463498956316254e-09	0.4311428977576821
Cluster399	1.3959045226056415e-09	8.578983066638618e-09	0.43537255187645235
Cluster192	1.3029969004629171e-09	9.016518969528297e-09	0.4425480157183462
Cluster174	1.21066614118768e-09	8.527732416367485e-09	0.4435525934694958
Cluster338	1.0821172277001602e-09	8.045411011073745e-09	0.44650314133510854
Cluster314	1.0914450902252546e-09	9.035329387518278e-09	0.45192572004381537
Cluster400	1.1470257691712462e-09	9.803749415847185e-09	0.4534305486022824
Cluster3	1.1471900255594988e-09	1.0687896641179233e-08	0.45726143728224966
Cluster181	8.56537004195786e-10	8.488313125212642e-09	0.4598118255581441
Cluster83	1.0073003301194178e-09	1.0035866529470935e-08	0.46002527692077355
Cluster393	7.797284494435237e-10	9.34728577790048e-09	0.46675973435256074
Cluster45	6.330114474733625e-10	8.114041137009747e-09	0.4689083287578363
Cluster443	6.482875671037817e-10	8.585717026007438e-09	0.46990539392217806
Cluster48	6.435067781831176e-10	8.691090683238433e-09	0.47048843520437433
Cluster236	4.992207102013308e-10	7.878273166782565e-09	0.47473722456079787
Cluster198	5.142675275819816e-10	8.491529482799968e-09	0.47585385375033146
Cluster299	4.0531862517684184e-10	7.576532628580613e-09	0.47866812558599714
Cluster297	4.169224122241706e-10	9.748238406919922e-09	0.48294283773687785
Cluster105	2.996557633059997e-10	8.065190979007737e-09	0.4851810260344875
Cluster329	1.638105140306884e-10	8.041403897615172e-09	0.4918737547171686
Cluster397	-1.8851526051218374e-10	9.224034608254248e-09	0.5081527743510307
Cluster88	-2.6071406124262454e-10	8.315509690316876e-09	0.5125058869894951
Cluster59	-2.947719651191913e-10	8.995649497462732e-09	0.5130703134023139
Cluster96	-4.450684050573476e-10	8.764650619864814e-09	0.520249560841961
Cluster91	-4.847936767297099e-10	8.691089601666614e-09	0.5222416814378906
Cluster171	-4.939433048151071e-10	8.361057896855847e-09	0.5235544722816302
Cluster303	-6.724577944625471e-10	8.852898319808579e-09	0.5302741634730584
Cluster87	-9.811034001431255e-10	9.284386465908452e-09	0.5420788603284447
Cluster166	-9.313874143246509e-10	8.63349268862718e-09	0.542954844787593
Cluster142	-1.10875438652784e-09	8.982723512212891e-09	0.5491174404261747
Cluster143	-1.2512306611982616e-09	8.304953676465483e-09	0.5598783369524175
Cluster235	-1.354453865495956e-09	8.793120977209057e-09	0.5612091760597561
Cluster391	-1.5075251577708095e-09	8.518541198882844e-09	0.5702339732176649
Cluster38	-1.337720169214372e-09	7.301898450726775e-09	0.5726801175732003
Cluster35	-1.2658052798990598e-09	6.899990996292065e-09	0.5727776362489442
Cluster196	-1.6625016391836745e-09	8.77045830114266e-09	0.5751718518054285
Cluster187	-1.8541155531971522e-09	8.989007064519503e-09	0.581707955280484
Cluster36	-1.740704198116291e-09	7.612388331127146e-09	0.5904362393858611
Cluster39	-1.9568469564936525e-09	8.494731301808048e-09	0.5910940095404088
Cluster409	-1.910790638298393e-09	7.735257475769149e-09	0.5975549945822586
Cluster112	-2.027089669235426e-09	7.829718821273683e-09	0.6021425920641346
Cluster313	-2.021188139126206e-09	7.742999698829372e-09	0.6029669535234377
Cluster94	-2.1908772898670426e-09	7.977319773464394e-09	0.6082029187923684
Cluster352	-2.728725557230477e-09	9.57318577246299e-09	0.612192638716324
Cluster169	-2.515698476107384e-09	8.48155969737156e-09	0.6166170995429534
Cluster453	-2.756462995368889e-09	9.174893160506765e-09	0.6180774800102709
Cluster327	-2.430903825512915e-09	7.892419381936434e-09	0.6209606972716801
Cluster302	-2.8694402783783236e-09	8.935662959553234e-09	0.6259411288156331
Cluster457	-2.646905314458571e-09	8.209052055735935e-09	0.6264393186135981
Cluster43	-2.972090045537357e-09	8.41747123573488e-09	0.6379879623222202
Cluster381	-3.016362875865468e-09	8.480062434669688e-09	0.6389675836198777
Cluster390	-3.291847749355873e-09	9.23483320828129e-09	0.6392519123310243
Cluster346	-2.8580492128139163e-09	7.321132162513551e-09	0.6518735072664361
Cluster339	-3.4931265843955956e-09	8.924193623152641e-09	0.6522573693091475
Cluster345	-3.4051265982838657e-09	8.28221264823311e-09	0.6595140719872524
Cluster53	-3.8331438924501925e-09	9.230563094205449e-09	0.6610265993992931
Cluster276	-3.342571501447219e-09	7.744692222434707e-09	0.666982153284591
Cluster414	-3.96920660648745e-09	8.961740156927047e-09	0.6710830604677005
Cluster410	-4.086096038781978e-09	9.078478034841414e-09	0.6736757913402316
Cluster54	-4.047902793504412e-09	8.585210046129629e-09	0.6813571529207658
Cluster360	-3.996804470831929e-09	8.249947667585789e-09	0.6859717747263477
Cluster60	-4.208501271626444e-09	8.658764440084879e-09	0.6865304088406744
Cluster34	-3.5179468250604963e-09	7.02882618556868e-09	0.6916394393594589
Cluster145	-4.432000136696529e-09	8.366523099422492e-09	0.7018505045071065
Cluster89	-4.277020184058713e-09	8.030783271904309e-09	0.7028372056063956
Cluster182	-4.629233292211405e-09	8.4867865499493e-09	0.7072826516544648
Cluster332	-4.197606415276922e-09	7.583637304894951e-09	0.7100423106990796
Cluster408	-4.7900476104838026e-09	8.443164424957206e-09	0.7147544833298431
Cluster44	-4.406453735842857e-09	7.683004448421596e-09	0.7168579433327027
Cluster301	-5.100698360250411e-09	8.780671339225279e-09	0.7193463186586245
Cluster419	-4.708681905701139e-09	7.793015696316835e-09	0.7271507084034634
Cluster197	-5.005653053975677e-09	8.021301501684803e-09	0.7337009820222518
Cluster340	-6.713447511103936e-09	1.0619091769054393e-08	0.736373676218053
Cluster377	-5.1030614654569955e-09	7.97792576144722e-09	0.7387991517167787
Cluster342	-6.15756159138416e-09	9.531621920887569e-09	0.7408648687960018
Cluster315	-5.456527408721689e-09	8.401530188577564e-09	0.7419821304964151
Cluster394	-6.525172556754356e-09	9.98116599143439e-09	0.7433630829918239
Cluster333	-5.6311338998209036e-09	8.56750538053745e-09	0.7444951994796636
Cluster52	-5.73182613334763e-09	8.70334875563098e-09	0.7449163120690101
Cluster33	-4.762580082919955e-09	6.70602137194486e-09	0.7612082616395794
Cluster55	-6.166348501008346e-09	8.529060684557852e-09	0.7651542097422803
Cluster176	-6.200578225415684e-09	8.540130415814147e-09	0.7660965338975106
Cluster61	-6.688569415195295e-09	9.139058294415403e-09	0.7678749326616203
Cluster398	-6.208886135206261e-09	8.437832385376425e-09	0.7690856577832832
Cluster379	-6.683071774087281e-09	8.868632244778465e-09	0.7744441201176153
Cluster191	-6.479159181787018e-09	8.299604927249736e-09	0.7824983851095836
Cluster246	-5.7465522691953925e-09	7.3240069414446294e-09	0.7836613972032607
Cluster415	-8.322712392105157e-09	1.0594203734261951e-08	0.7839464661704981
Cluster186	-7.331536760217371e-09	9.220751235179337e-09	0.7867260371644412
Cluster449	-7.116561897510399e-09	8.652795385860544e-09	0.7945918959757605
Cluster373	-9.28921828550325e-09	1.1222322141803564e-08	0.7960924661689264
Cluster328	-6.696432540384968e-09	7.931493056946389e-09	0.8007446325677008
Cluster49	-7.0716673833661095e-09	8.312906402896272e-09	0.8025279079786363
Cluster0	-8.87922689944959e-09	1.0380359497199573e-08	0.8038315930855727
Cluster317	-7.488400792167903e-09	8.34843152462927e-09	0.8151359942223294
Cluster418	-7.732542970153145e-09	8.589590937818864e-09	0.8159990709012135
Cluster57	-7.061183070287665e-09	7.81006952962594e-09	0.8170321782914685
Cluster353	-8.76779051707723e-09	9.684329362614097e-09	0.8173622698058246
Cluster92	-7.858417346903926e-09	8.528319017445695e-09	0.821592165127898
Cluster362	-8.886852685898794e-09	9.59976891376171e-09	0.8227084302251272
Cluster321	-7.647957963590313e-09	8.095934132780563e-09	0.8275854238982902
Cluster323	-8.523214286860572e-09	8.715961083664074e-09	0.8359345872606709
Cluster368	-9.545723068463505e-09	9.480340786324323e-09	0.8430077711286867
Cluster4	-1.000201571894029e-08	9.919379688966757e-09	0.843352151038951
Cluster330	-8.0271938390389e-09	7.946723647254484e-09	0.8437825867753268
Cluster62	-9.052405524282614e-09	8.937280478565046e-09	0.8444416028024605
Cluster95	-8.84015838932382e-09	8.559368767998972e-09	0.8491524054239146
Cluster324	-8.482807359906333e-09	8.174380575941523e-09	0.8503023239151357
Cluster320	-8.617553727947824e-09	8.257426863092885e-09	0.8516676417622979
Cluster319	-8.630867292395904e-09	8.205294275777188e-09	0.8535694058646096
Cluster387	-8.926683337374223e-09	8.121113532221033e-09	0.8641583816175001
Cluster432	-9.46086537170319e-09	8.60280781369664e-09	0.8642776315197465
Cluster455	-9.475850816704054e-09	8.570285762782934e-09	0.8655638693058849
Cluster56	-9.359656484301232e-09	8.463685913387777e-09	0.8656065620861759
Cluster335	-9.720560167476837e-09	8.535055426695909e-09	0.8726272138778386
Cluster318	-9.602178699810847e-09	8.389178769983279e-09	0.8738106933978942
Cluster421	-1.1331432740769406e-08	9.807446032212004e-09	0.8760347824904758
Cluster18	-1.098189422656207e-08	9.386100474207045e-09	0.879002874180147
Cluster326	-9.438362133540405e-09	8.029742276295656e-09	0.880087694488672
Cluster16	-9.818482332775978e-09	8.344689853140602e-09	0.8803252783100945
Cluster411	-1.0772945311905904e-08	8.877295223356238e-09	0.8875381224345629
Cluster416	-1.1442273709438313e-08	9.382644343605747e-09	0.8886755703909175
Cluster361	-1.1359303192718897e-08	9.216874969747617e-09	0.8911087874197471
Cluster417	-9.85453237089879e-09	7.97241077164682e-09	0.891785466146957
Cluster325	-9.946089871369137e-09	7.998267820914512e-09	0.8931637929839649
Cluster412	-1.015477995005058e-08	8.10072048780483e-09	0.8949999263704523
Cluster58	-1.080732791098839e-08	8.6172295195255e-09	0.8951068774448432
Cluster451	-1.1003191602717544e-08	8.767182201717219e-09	0.8952684443677835
Cluster365	-1.2015364004445354e-08	9.44264661858288e-09	0.8983946452540035
Cluster454	-1.1061943257059547e-08	8.398341239339684e-09	0.9061071836482959
Cluster32	-9.312356119326576e-09	6.907026245587912e-09	0.911210028138002
Cluster370	-1.0679221189440512e-08	7.847609413916175e-09	0.9132154621982009
Cluster354	-1.400215698482635e-08	1.0143985900225379e-08	0.9162591213002342
Cluster378	-1.1749622006495098e-08	8.120387222908708e-09	0.9260415647096532
Cluster63	-1.2699374661570817e-08	8.588892913578081e-09	0.930373845347478
Cluster15	-1.3705235485412096e-08	9.18841939099747e-09	0.9320949707735943
Cluster74	-1.1661552831700308e-08	7.797084459200945e-09	0.932624939551197
Cluster28	-1.422657478222605e-08	9.453885859257477e-09	0.9338172443554826
Cluster183	-1.2524256288040435e-08	8.238307778983332e-09	0.9357754479629854
Cluster392	-1.4189765062240909e-08	9.202105324089863e-09	0.9384647698471612
Cluster337	-1.4259077199910256e-08	9.076712920718795e-09	0.9419030607975045
Cluster190	-1.246392475924286e-08	7.839076919534085e-09	0.9440796135270598
Cluster22	-1.3952729052994114e-08	8.707756907974237e-09	0.9454590395668421
Cluster6	-1.408191133342306e-08	8.786168057459574e-09	0.945503567851793
Cluster331	-1.2303557389590584e-08	7.668033969565369e-09	0.9457008852669057
Cluster422	-1.4125964310520586e-08	8.740096198043461e-09	0.9469771911030802
Cluster11	-1.5025360217622434e-08	9.259548094997714e-09	0.9476719715149676
Cluster23	-1.3903668185121284e-08	8.567559358492758e-09	0.947686823031586
Cluster359	-1.4602351258025254e-08	8.97958017830425e-09	0.9480435758989455
Cluster17	-1.463633490693506e-08	8.910952165069831e-09	0.9497579020439423
Cluster13	-1.6041041321211905e-08	9.645833813407798e-09	0.9518439865534224
Cluster385	-1.2626765896513436e-08	7.572836339731629e-09	0.9522801728302087
Cluster431	-1.585034304780634e-08	9.409191547439237e-09	0.9539632050270574
Cluster184	-1.3965977509593396e-08	8.18897074302183e-09	0.9559458428192095
Cluster389	-1.4615085777990692e-08	8.519677219973374e-09	0.9568686815313103
Cluster402	-1.2632433694687551e-08	7.335870029304444e-09	0.9574660495156371
Cluster322	-1.470140206799337e-08	8.411765203523987e-09	0.9597436534762023
Cluster380	-1.480614254802993e-08	8.38040877382679e-09	0.9613655004187852
Cluster355	-1.604828468876991e-08	9.020190382969493e-09	0.9623925312334404
Cluster21	-1.5868291720477814e-08	8.877941732482699e-09	0.9630622835907849
Cluster26	-1.5615096151371463e-08	8.734022162082326e-09	0.9630996598364361
Cluster396	-1.4400147975495816e-08	8.013909945449855e-09	0.9638237879870317
Cluster458	-1.5683249444697272e-08	8.69269458323685e-09	0.9643990276819012
Cluster460	-1.379855434931183e-08	7.61709843293954e-09	0.9649700882208978
Cluster27	-1.5459771860071796e-08	8.505362135361876e-09	0.9654411811930151
Cluster316	-1.6181697893792827e-08	8.691057521185538e-09	0.968689929438762
Cluster395	-1.7746884591951297e-08	9.42832996326857e-09	0.9701019144961788
Cluster351	-1.6829399124324306e-08	8.760827905754085e-09	0.9726330577377812
Cluster357	-1.7495836201728206e-08	9.04989557740263e-09	0.9733981502620369
Cluster376	-1.6443333555891488e-08	8.430867904617081e-09	0.9744341359914246
Cluster29	-1.4856832419940079e-08	7.610278792445614e-09	0.9745431278311081
Cluster450	-1.8030579330704476e-08	9.178358012307871e-09	0.9752620069563789
Cluster367	-1.7780341038898814e-08	9.004967011425635e-09	0.9758377536779053
Cluster12	-1.9373882402218367e-08	9.576776119428382e-09	0.9784637724215027
Cluster73	-1.727404175336822e-08	8.398516385646857e-09	0.9801471127074868
Cluster448	-1.718318481069403e-08	8.29028445036974e-09	0.9808994031542243
Cluster366	-1.5991837872986847e-08	7.638725089792675e-09	0.981848702122923
Cluster71	-1.8738405216091514e-08	8.872103870379966e-09	0.9826592976739171
Cluster50	-1.6522545673273458e-08	7.665477973977586e-09	0.9844366363503181
Cluster70	-1.7582575912628955e-08	8.135743484393736e-09	0.9846581887298226
Cluster14	-2.0394115813411186e-08	9.425595058448489e-09	0.984756129367459
Cluster5	-1.9827765982044095e-08	9.051725413387878e-09	0.9857558483902752
Cluster383	-1.8411791343863705e-08	8.32868365886059e-09	0.9864699034071543
Cluster356	-1.875522970794759e-08	8.422219449602577e-09	0.9870221845419667
Cluster407	-1.7372264191888452e-08	7.66379187983723e-09	0.9882987002100829
Cluster358	-1.9645803408796036e-08	8.609005634961859e-09	0.988755510060093
Cluster20	-1.91876947579845e-08	8.220804608025859e-09	0.9902032116182066
Cluster72	-1.958510714982687e-08	8.377038259392897e-09	0.9903051116441954
Cluster69	-2.001196776432658e-08	8.422478941432062e-09	0.9912497129065223
Cluster66	-2.0224594893506198e-08	8.261076921936034e-09	0.9928209844124026
Cluster64	-2.0827793823093308e-08	8.420006552867663e-09	0.9933121776515746
Cluster384	-2.1687414881974963e-08	8.712325347951606e-09	0.9935998895376752
Cluster7	-2.1543975268062955e-08	8.619929020677505e-09	0.9937784343566548
Cluster9	-2.222510568850636e-08	8.866785520849304e-09	0.9939043346493299
Cluster67	-2.2329408501334147e-08	8.8230397084816e-09	0.9943099736648808
Cluster82	-1.8402893807969937e-08	7.242689785206198e-09	0.9944714993756171
Cluster382	-1.9959245058134735e-08	7.752981831009533e-09	0.9949792358350067
Cluster30	-1.9029040581896395e-08	7.314270321458504e-09	0.9953609339929824
Cluster459	-2.0599098292339432e-08	7.899171608284808e-09	0.9954430819679887
Cluster31	-2.0461627450447997e-08	7.672800020163706e-09	0.9961708481423159
Cluster336	-2.4213563999691856e-08	8.999463297869756e-09	0.9964333516936044
Cluster10	-2.3059348829481885e-08	8.404360463404631e-09	0.9969627843410538
Cluster75	-2.4415670287446738e-08	8.579990540384441e-09	0.9977839724031089
Cluster413	-2.301474838109822e-08	8.03228511629167e-09	0.9979167987174088
Cluster8	-2.3669104319023887e-08	8.231099564049253e-09	0.9979835074961233
Cluster24	-2.672416952057917e-08	8.556486388177803e-09	0.9991057150911412
Cluster68	-2.5495943107600412e-08	8.08469245233315e-09	0.9991936696491078
Cluster77	-2.324601796696631e-08	7.354685615292243e-09	0.9992130706369224
Cluster65	-2.9796879844650138e-08	8.683226614864103e-09	0.9996999228384625
Cluster25	-3.024519593125934e-08	8.241421254270836e-09	0.9998786775480266
Cluster78	-2.876882800655475e-08	7.235733473749975e-09	0.9999649488122002
Cluster76	-3.233128800131163e-08	7.694665423976794e-09	0.9999867587534115
Cluster80	-2.9521890668419996e-08	6.948519494830173e-09	0.9999892473062438
Cluster79	-3.06801244698319e-08	7.005157745469775e-09	0.9999940564392052
Cluster19	-3.421236002467356e-08	7.808740455765447e-09	0.9999941010763629
Cluster81	-2.9767173791053982e-08	6.5202319812570205e-09	0.9999975067513633
