Name	Coefficient	Coefficient_std_error	Coefficient_P_value
Cluster207	4.129145636258677e-08	1.1936602358568239e-08	0.0002708607647581696
Cluster152	4.9022017519487804e-08	1.4259582940002163e-08	0.00029319820002501505
Cluster231	3.734548444291728e-08	1.0903677929530162e-08	0.00030735949902601707
Cluster242	4.005379775390467e-08	1.1744073546449958e-08	0.0003241551485155294
Cluster296	3.960051908334961e-08	1.1712006959718638e-08	0.00036086328840823333
Cluster228	4.0722575303066245e-08	1.2245882751872556e-08	0.0004414437269630288
Cluster243	4.060787601137445e-08	1.2391760067447509e-08	0.0005245701120163811
Cluster250	3.895463436223603e-08	1.2300439473545279e-08	0.0007702862141530038
Cluster151	4.20725864106031e-08	1.4417099746465251e-08	0.0017600550452982005
Cluster253	3.9885639519418045e-08	1.3693083495856474e-08	0.0017908413242812824
Cluster404	3.380511544458747e-08	1.2024282983001266e-08	0.0024662915600771056
Cluster249	3.896636022823772e-08	1.4017145907528072e-08	0.0027187244795584217
Cluster283	3.5902401894067084e-08	1.3112113639790231e-08	0.0030896756082843518
Cluster248	3.951271659696011e-08	1.4482602359288902e-08	0.0031831956379057783
Cluster273	3.470157387200218e-08	1.2798600417221246e-08	0.003350422629355969
Cluster225	2.9598177169455365e-08	1.1173402455776255e-08	0.004036693963286063
Cluster217	3.124094050465628e-08	1.200438901295924e-08	0.004627882524314995
Cluster232	2.771294137306693e-08	1.0925202783005952e-08	0.005596633105058397
Cluster239	3.528523338908478e-08	1.399406606915524e-08	0.005843738216758183
Cluster274	3.2564734337878804e-08	1.295926699257782e-08	0.0059879594302979676
Cluster241	3.094458737292381e-08	1.2345212354540614e-08	0.006094819509172775
Cluster229	2.6243778671307004e-08	1.0653943478238937e-08	0.006883378471039681
Cluster139	3.082678815631648e-08	1.2572538851360584e-08	0.007104924458673926
Cluster177	2.827321577614993e-08	1.1686159665069884e-08	0.007773577380035355
Cluster136	3.2445660010469164e-08	1.3464762532913959e-08	0.007983435985885563
Cluster406	3.1505696247231765e-08	1.3159013291622452e-08	0.008327664535013685
Cluster147	3.17153432777376e-08	1.331673191672792e-08	0.008618427921793346
Cluster405	3.48990040691035e-08	1.4955458260811286e-08	0.009810184137448748
Cluster234	2.7548846199962517e-08	1.1864272294390306e-08	0.010116454352879195
Cluster292	3.252016772661539e-08	1.4350540431787952e-08	0.011721760367295856
Cluster289	2.9041834559472875e-08	1.2929362851276927e-08	0.01234584840246618
Cluster135	3.051998411695347e-08	1.3669064412038422e-08	0.012781799150358805
Cluster245	2.6863220210014508e-08	1.2086907663234149e-08	0.013124577326607482
Cluster266	2.934985010412282e-08	1.3235645301068952e-08	0.013294970111374082
Cluster264	2.701851406990674e-08	1.2221155259275595e-08	0.013524890210370543
Cluster295	2.9955341915346113e-08	1.3826273231802188e-08	0.015134509888526196
Cluster157	2.9419253369188308e-08	1.3685787744788843e-08	0.01579261270782597
Cluster282	2.97083505393633e-08	1.385343345846543e-08	0.01599739774907542
Cluster240	2.5080090313293925e-08	1.18373223205787e-08	0.01705664434034697
Cluster403	2.4287096334039144e-08	1.1506683030596827e-08	0.017399275514890466
Cluster122	2.451183425681549e-08	1.1790568010607447e-08	0.01881162460252328
Cluster429	2.5214430170019244e-08	1.2208688589503267e-08	0.01944798708773173
Cluster178	2.4688668459661633e-08	1.197587024272612e-08	0.019626042625320594
Cluster291	3.115303557897318e-08	1.5185096564944183e-08	0.020106545376346388
Cluster155	2.4681134659029128e-08	1.2035946389651672e-08	0.020152055342129965
Cluster270	2.6903226192239116e-08	1.3123139908078384e-08	0.02017928065819908
Cluster216	2.274484760269095e-08	1.1124882388598792e-08	0.02045197533505634
Cluster426	2.429222577086431e-08	1.1972061602027154e-08	0.021225262641803792
Cluster137	2.7557727980048182e-08	1.370145717248235e-08	0.022146938682966494
Cluster226	2.32318556681656e-08	1.1569203374966202e-08	0.022317534473605776
Cluster224	2.5369191093017716e-08	1.2721117567657122e-08	0.023061930666765054
Cluster213	2.802121625476677e-08	1.4058394376147432e-08	0.02311967985493812
Cluster290	2.608248621832831e-08	1.3231785600712596e-08	0.02435054326053584
Cluster287	2.200391571420052e-08	1.1182999561599278e-08	0.02455577452888624
Cluster456	2.4778821140182628e-08	1.280062366332515e-08	0.026449097249495686
Cluster271	2.5826255062452184e-08	1.337487919365152e-08	0.026744469666718985
Cluster252	2.5382148643210098e-08	1.3170128067784732e-08	0.026974149361031
Cluster124	2.478426091439387e-08	1.2907643053657806e-08	0.027421189157371965
Cluster140	2.2717155431440868e-08	1.1922844866556445e-08	0.028367496776968277
Cluster309	2.4213298564158296e-08	1.275829365467096e-08	0.02885807225216609
Cluster138	2.526005315017899e-08	1.3330726643501808e-08	0.02905451924850685
Cluster212	2.3810486031890846e-08	1.2584633559695147e-08	0.029243588249450343
Cluster208	2.2911564672039623e-08	1.2216640554408037e-08	0.030366174049099155
Cluster428	2.395233875385891e-08	1.3000064994035922e-08	0.03270260270070354
Cluster277	2.5183368108905676e-08	1.4087979681126277e-08	0.03692202685178972
Cluster275	2.287254201615585e-08	1.2876597581388505e-08	0.037842754019614365
Cluster272	2.3246513564966433e-08	1.309321014308668e-08	0.03791071337214334
Cluster244	2.3239496698700008e-08	1.3173884662381042e-08	0.038861106910405084
Cluster451	2.4708828046069604e-08	1.4014167328061432e-08	0.038939107549216985
Cluster123	2.1811286133857372e-08	1.2415172880019902e-08	0.0394738209629193
Cluster227	1.8687597727260016e-08	1.0819593306990715e-08	0.04206590722625299
Cluster35	1.996965917979039e-08	1.1576756658279358e-08	0.04226565146559971
Cluster141	2.2428257124227963e-08	1.3104332653104705e-08	0.043493075891522445
Cluster269	2.1286126008398878e-08	1.2450920795666534e-08	0.04366969640360069
Cluster439	2.1283671670130462e-08	1.2502103726320535e-08	0.0443395286049069
Cluster334	2.069188150043012e-08	1.2225257471771818e-08	0.045270406459574794
Cluster230	1.8893112063335626e-08	1.1317408166365773e-08	0.04752054669089278
Cluster281	2.3098638446400003e-08	1.4123938441902706e-08	0.05098001913243885
Cluster284	2.0113686445193142e-08	1.2381906249512273e-08	0.052140772868466155
Cluster150	2.280658557929271e-08	1.404422617773106e-08	0.05219730954982104
Cluster223	1.762167174650871e-08	1.0882642047013233e-08	0.05269720034463831
Cluster455	2.0508184855629527e-08	1.2671270085689671e-08	0.05277970175634467
Cluster293	1.7254402895745897e-08	1.0717864356945995e-08	0.05371276726554517
Cluster233	1.7817705484992318e-08	1.109973736359249e-08	0.05422086473640343
Cluster110	1.939753315938236e-08	1.2178323495318656e-08	0.055603458557489785
Cluster286	1.9351058371857216e-08	1.2286548740971637e-08	0.05763062602174282
Cluster222	1.963092365919673e-08	1.2473689121769329e-08	0.057768406996056065
Cluster146	2.0322094549958937e-08	1.293641514666366e-08	0.05810042521771022
Cluster427	2.050219456521001e-08	1.3259341748918366e-08	0.061022671159010645
Cluster409	2.310797406964119e-08	1.4983678790330266e-08	0.06151132753952208
Cluster454	1.9074619738460805e-08	1.2416668886906148e-08	0.06224335494585368
Cluster133	1.7708090551036746e-08	1.1651572234711686e-08	0.0642802893828773
Cluster144	1.873946333548597e-08	1.2561251245753047e-08	0.06786964697505868
Cluster109	1.8209542852666896e-08	1.223861721123499e-08	0.06839182024938371
Cluster167	1.8625703076932633e-08	1.2802824909141417e-08	0.07286066011228905
Cluster255	1.8219397491588108e-08	1.2654966736960006e-08	0.07497567834198217
Cluster247	2.0451556490122212e-08	1.4459417950692157e-08	0.0786206647152105
Cluster156	1.7210016868797993e-08	1.2360966052791988e-08	0.081917697858499
Cluster278	1.6845954814821508e-08	1.222263366142465e-08	0.08406166889250904
Cluster154	1.8427041977452314e-08	1.3432970375433668e-08	0.08506640947488919
Cluster93	1.7459393446091004e-08	1.2861161951023192e-08	0.08730667756479349
Cluster418	1.7024644096898075e-08	1.2560360178928056e-08	0.08764086757841344
Cluster288	1.612572912501472e-08	1.1918872521477652e-08	0.08803458860833113
Cluster268	1.717372450809863e-08	1.2843895654285755e-08	0.09059307210437417
Cluster134	1.6294254058722877e-08	1.219452924027393e-08	0.09074297262619507
Cluster237	1.638772548268611e-08	1.2402209010122384e-08	0.09319144978654881
Cluster121	2.029318696189626e-08	1.5675491655534628e-08	0.09773247890324382
Cluster444	1.524404914646134e-08	1.1906912993806033e-08	0.10022530923863543
Cluster375	1.6670477803178077e-08	1.321178755083172e-08	0.10351250234408366
Cluster179	1.649129664829171e-08	1.3164196296527745e-08	0.10515042932068192
Cluster220	1.6138008267633326e-08	1.2921998755809682e-08	0.105854732113213
Cluster364	1.679088669501339e-08	1.347306990812003e-08	0.10633531529404011
Cluster458	1.655973058075601e-08	1.3369294707290166e-08	0.10773959869980804
Cluster153	1.6255200511546397e-08	1.3358793387250044e-08	0.11183701612965452
Cluster246	1.7378919871264016e-08	1.4283445755236227e-08	0.11185583974607499
Cluster149	1.69620190664084e-08	1.3942276874321128e-08	0.11188033704677491
Cluster85	1.7739482784722784e-08	1.4656395336146864e-08	0.11307080890208965
Cluster34	1.3796060040563522e-08	1.1457869035593992e-08	0.11428153741016783
Cluster265	1.464634523401306e-08	1.226889234991025e-08	0.11628222703508345
Cluster371	1.5130004926171707e-08	1.2739060744214372e-08	0.11747855794240081
Cluster251	1.5687553095175985e-08	1.3230259792940004e-08	0.11786391693707354
Cluster148	1.5116964097453146e-08	1.2773010286379179e-08	0.11830387319887792
Cluster419	1.2345379528218899e-08	1.051233127110983e-08	0.12012317952162993
Cluster363	1.4511721969812595e-08	1.2359713665542138e-08	0.12017453553720209
Cluster215	1.6429608345090606e-08	1.4296781199426906e-08	0.12524040250747864
Cluster91	1.4944585087437503e-08	1.3038016781355256e-08	0.12584969577044292
Cluster108	1.496100891300623e-08	1.3052909113494205e-08	0.12585993593195244
Cluster125	1.508658185908419e-08	1.3177629256495327e-08	0.1261329298661013
Cluster377	1.4039758031184998e-08	1.2367608652892959e-08	0.12814494021292877
Cluster423	1.5165588841202326e-08	1.3448464772726502e-08	0.12972716521910427
Cluster294	1.3682711459031159e-08	1.2162717264322035e-08	0.13030053526414775
Cluster430	1.4273461938437642e-08	1.2954699167025172e-08	0.13527474490885977
Cluster457	1.3882623078550499e-08	1.2747881633328313e-08	0.13807382988520178
Cluster447	1.4123749089211736e-08	1.303334352474006e-08	0.13925717522970427
Cluster460	1.3993747710379957e-08	1.2938567437513753e-08	0.1397255771255198
Cluster407	1.4085067025460707e-08	1.3156633748043162e-08	0.14218192844572664
Cluster259	1.3466374957651276e-08	1.2863663487169294e-08	0.1475835071491426
Cluster437	1.2388195721079986e-08	1.1885335543896627e-08	0.1486341519729104
Cluster188	1.1735629899092328e-08	1.130598911797214e-08	0.1496347558775692
Cluster168	1.4712085992141765e-08	1.4233509362142218e-08	0.1506561664105902
Cluster280	1.3138926117484309e-08	1.2742434547023251e-08	0.1512432499909791
Cluster32	1.1282502446024119e-08	1.1266280481758844e-08	0.1583070986961641
Cluster98	1.4023500856062229e-08	1.4111314091800043e-08	0.16016569757083432
Cluster126	1.4614082702203602e-08	1.4827988130553613e-08	0.16217104914031483
Cluster86	1.3722164802634178e-08	1.3969583844078667e-08	0.1629788120365419
Cluster401	1.1906760179248513e-08	1.2799066289445469e-08	0.17611215939129304
Cluster449	1.2642367306989309e-08	1.3624609711484361e-08	0.17672797156018144
Cluster127	1.2257898026498e-08	1.3430466844460296e-08	0.180701916287411
Cluster452	1.2381006801755933e-08	1.3815230193416973e-08	0.1850768913711296
Cluster33	1.0039911867038433e-08	1.1217869715892414e-08	0.18539548653370114
Cluster214	1.1626454494108013e-08	1.3348674713214022e-08	0.19188200921230736
Cluster221	1.1019589822684962e-08	1.2814949568014638e-08	0.19492176830695612
Cluster172	1.0822694663036087e-08	1.284988487450687e-08	0.19982664800332972
Cluster37	9.856587236290431e-09	1.1837011633671422e-08	0.20250917287697356
Cluster267	1.1118060893343119e-08	1.3441360091566646e-08	0.20407518266585578
Cluster161	1.0510275619541356e-08	1.2718825740804226e-08	0.2043011399085527
Cluster173	1.0841895954044102e-08	1.3222037672296247e-08	0.20611182484598056
Cluster381	1.118452516587499e-08	1.3654409576493968e-08	0.20636053878813243
Cluster163	1.1104621730953715e-08	1.359008259886486e-08	0.2069321675518459
Cluster160	1.250416506733461e-08	1.5393489591294974e-08	0.20830913157861541
Cluster219	9.071195118606447e-09	1.1278068409420319e-08	0.21060560518461952
Cluster433	8.39706981019419e-09	1.0595854404177336e-08	0.21403857860304826
Cluster218	9.91215747551653e-09	1.2582195704676337e-08	0.21540908934082753
Cluster209	9.87830552418252e-09	1.2571370481116821e-08	0.21599879806852668
Cluster450	1.178319741684726e-08	1.5347009076294588e-08	0.22130757886563812
Cluster453	9.276805105359374e-09	1.2160897517890664e-08	0.22277975358623087
Cluster424	1.0014756981766062e-08	1.3318651549637858e-08	0.22604514828213146
Cluster132	9.974245496806141e-09	1.3463687505211816e-08	0.2293995702192067
Cluster174	1.176845883791285e-08	1.6062788472868496e-08	0.2318848836501914
Cluster158	1.0688502851398807e-08	1.4626556030455511e-08	0.23246286390414977
Cluster162	9.678457315269368e-09	1.3363802069998448e-08	0.23446247983997753
Cluster308	9.912778393885117e-09	1.369222372002787e-08	0.2345416463746539
Cluster256	8.414613413250615e-09	1.1869750077342905e-08	0.23918940940517974
Cluster169	9.673975243404792e-09	1.3702996574076478e-08	0.24010179152294264
Cluster260	9.896464294120985e-09	1.4029802932292996e-08	0.2402841906193589
Cluster387	8.731715228385444e-09	1.2574026434810137e-08	0.2437079367967076
Cluster40	8.428511628399195e-09	1.2331773360522193e-08	0.24715201801461245
Cluster128	8.31782949666162e-09	1.2246440451921059e-08	0.24850435429496204
Cluster96	8.489690076657725e-09	1.290060157523107e-08	0.25524181449885963
Cluster261	8.340668267807822e-09	1.3352021195068408e-08	0.2660923291740133
Cluster438	7.85764980947223e-09	1.2611828851584827e-08	0.2666297444955853
Cluster22	8.060788734345517e-09	1.3254584240016957e-08	0.27154366302009725
Cluster59	8.469725320166118e-09	1.4082487307476202e-08	0.27377456560800584
Cluster210	7.335939785693152e-09	1.223646086875759e-08	0.27441481109087995
Cluster420	7.117469520037399e-09	1.2008159744244953e-08	0.2766844701588024
Cluster118	8.932359498185671e-09	1.5102845937980926e-08	0.27711432433426764
Cluster400	8.563532980465633e-09	1.5743359220955336e-08	0.29323941039954304
Cluster262	6.9281480400782516e-09	1.2751647851076375e-08	0.2934568338546183
Cluster129	6.703131992598396e-09	1.2513353931943488e-08	0.2960904563991141
Cluster115	7.97710017336868e-09	1.492225988561492e-08	0.2964711203926599
Cluster111	6.817661346166623e-09	1.3145859274322799e-08	0.30201405197879166
Cluster36	6.109655497858747e-09	1.1827224042120987e-08	0.30272622192937504
Cluster88	5.934221175327309e-09	1.2399931344325532e-08	0.316122683156113
Cluster279	5.9188424834478034e-09	1.2915121956474998e-08	0.3233728535470527
Cluster92	5.948394482005817e-09	1.3046340656721203e-08	0.32421529666558635
Cluster206	4.843321296632945e-09	1.131204529394102e-08	0.3342687344295816
Cluster435	4.9108453049203155e-09	1.1762026286967607e-08	0.33815016561416866
Cluster394	5.934034360922987e-09	1.4445053841456276e-08	0.3406094381267771
Cluster254	4.355905882213146e-09	1.1705815125216114e-08	0.3549037260319672
Cluster306	4.13674443811413e-09	1.1243843562004972e-08	0.3564694438044608
Cluster235	4.778987666727086e-09	1.4008982303033047e-08	0.366500077055222
Cluster436	3.744781626024363e-09	1.1722952501017761e-08	0.3746963870806685
Cluster300	3.5764452317983577e-09	1.1273892318758882e-08	0.37553358925224894
Cluster196	3.861375610384215e-09	1.2310263096757601e-08	0.37688536942913714
Cluster164	3.860409940096353e-09	1.2419299960917562e-08	0.3779612906479809
Cluster297	3.934279645558491e-09	1.3428184321517466e-08	0.3847661521870209
Cluster100	3.976897876692457e-09	1.3977467070963519e-08	0.3880051612619298
Cluster443	3.1383484499086453e-09	1.1279854053235409e-08	0.3904194463091544
Cluster386	3.09175880096575e-09	1.1556855153027358e-08	0.3945321135141257
Cluster94	3.4899912963513827e-09	1.3147397265343723e-08	0.3953309809904954
Cluster416	4.108841391604621e-09	1.5527226102645143e-08	0.39565044033318475
Cluster60	3.5387044636469097e-09	1.3832596007268561e-08	0.3990435262249783
Cluster120	3.0718381241610484e-09	1.2022847610598016e-08	0.3991684538304027
Cluster101	3.4393371788722113e-09	1.3876617213975896e-08	0.4021247428409784
Cluster42	3.061610600212638e-09	1.2997479247754934e-08	0.40688931499825937
Cluster311	2.7721549606470483e-09	1.1796124744258172e-08	0.40710220695198407
Cluster305	2.9305199832278335e-09	1.2492119172619721e-08	0.40726368020423054
Cluster376	3.095280058532811e-09	1.3472859438436932e-08	0.40914617476968207
Cluster117	3.2063217593187416e-09	1.4485753974063187e-08	0.4124126447320512
Cluster62	2.828030937647222e-09	1.3841331307417057e-08	0.4190525642319693
Cluster87	2.4895213555503946e-09	1.2809098318232294e-08	0.42294868475243774
Cluster198	2.38872859699083e-09	1.2568314196232088e-08	0.4246312191178069
Cluster378	2.095525269210036e-09	1.243621232118109e-08	0.43309422882166315
Cluster328	1.7112772249494848e-09	1.2116005907938311e-08	0.4438397645309485
Cluster319	1.558967129444183e-09	1.2129341468140375e-08	0.44886533803647344
Cluster414	1.4564960659202728e-09	1.3658342578267693e-08	0.4575381513333592
Cluster329	1.1009037956165004e-09	1.1939388853878317e-08	0.46326650321060725
Cluster285	1.033668873928319e-09	1.2884214303876948e-08	0.46802814178781665
Cluster195	1.020662689087173e-09	1.3080696055106467e-08	0.46890282506756176
Cluster434	6.842890018317913e-10	1.0745859818919145e-08	0.47461278742438884
Cluster116	5.094797128774586e-10	1.4557795715707203e-08	0.48604105184586144
Cluster89	1.606142035971255e-10	1.272956516593761e-08	0.4949665133319326
Cluster4	6.345334013546098e-11	1.5250293931665066e-08	0.4983400879166334
Cluster104	-4.41645693442257e-12	1.3384375026738927e-08	0.500131639420236
Cluster51	-1.9842240428069466e-10	1.074215659463624e-08	0.5073685935012799
Cluster399	-2.901543008608326e-10	1.325341770618475e-08	0.5087332622357399
Cluster3	-3.585545570947476e-10	1.4020145715417314e-08	0.5102015331690516
Cluster238	-6.028061258290597e-10	1.3785920326777808e-08	0.5174386789544101
Cluster171	-6.504148625342818e-10	1.3623046506168746e-08	0.5190397532342567
Cluster448	-8.451307427803499e-10	1.4002876885265764e-08	0.5240631843457879
Cluster11	-1.3184497117434855e-09	1.5085627831904043e-08	0.5348223153658433
Cluster422	-1.2649847732058837e-09	1.3999137441403544e-08	0.5360000736622813
Cluster90	-1.2069676117476611e-09	1.3071515168298424e-08	0.536784340793599
Cluster113	-1.6054393164027444e-09	1.4236430435154168e-08	0.5448934664696645
Cluster307	-1.3228930642028666e-09	1.1334984922702095e-08	0.5464546118574102
Cluster143	-1.59394724575673e-09	1.3334313264159483e-08	0.5475751380140351
Cluster176	-1.4727584690588083e-09	1.2241098186468176e-08	0.5478822422334285
Cluster21	-1.5497697930985264e-09	1.2877419615537233e-08	0.5478962005304097
Cluster440	-1.4914385471794156e-09	1.2175502755555683e-08	0.5487465081662445
Cluster186	-1.9734265554953525e-09	1.6031895572231862e-08	0.5489835799129956
Cluster58	-1.6086461908625478e-09	1.2210155460303812e-08	0.5524076284086205
Cluster402	-1.6236775679114009e-09	1.1545315573745822e-08	0.5559209237618432
Cluster192	-2.042842777081367e-09	1.4392700553120367e-08	0.5564347326965644
Cluster99	-1.9616167493743436e-09	1.349926250087302e-08	0.5577680781499752
Cluster56	-1.8865806045500092e-09	1.2954744050456479e-08	0.557892686087421
Cluster304	-1.7237342726567025e-09	1.175059227322037e-08	0.5583129838455291
Cluster47	-2.0256061010369855e-09	1.306026235876709e-08	0.5616275338333576
Cluster97	-2.0209978973680264e-09	1.2975225745170046e-08	0.561888192769326
Cluster159	-2.1648324183147306e-09	1.3769643808100088e-08	0.5624633801228275
Cluster446	-2.163456868282113e-09	1.292507762366078e-08	0.566466215875755
Cluster200	-1.9348565377884946e-09	1.1004803396526892e-08	0.5697820362647883
Cluster185	-2.3863574791625205e-09	1.3177952902867366e-08	0.571850401121647
Cluster313	-2.1130748933310415e-09	1.1506978985735871e-08	0.5728497846295044
Cluster442	-2.0612629934507203e-09	1.1165915949557665e-08	0.5732298332115355
Cluster321	-2.2665053425231897e-09	1.2055331164206129e-08	0.5745650259584283
Cluster45	-2.368940767958885e-09	1.2586830147311522e-08	0.5746431569070486
Cluster445	-2.37569658527931e-09	1.2499726621553928e-08	0.5753688973080647
Cluster459	-2.7934533683294984e-09	1.3222083341877202e-08	0.5836624073156758
Cluster175	-3.1172407473094306e-09	1.3563850573721245e-08	0.5908840813965504
Cluster421	-3.689457903278154e-09	1.5176403938969026e-08	0.5960379256895973
Cluster130	-3.146983556457895e-09	1.2633030726263034e-08	0.5983612121010393
Cluster14	-3.136775417226289e-09	1.233255139680657e-08	0.6003871296026387
Cluster102	-3.3862290297675377e-09	1.3247128478324338e-08	0.6008778063102244
Cluster41	-3.1821231464146824e-09	1.2354754899701246e-08	0.6016277625533571
Cluster39	-3.2910740605866143e-09	1.2006610468911832e-08	0.6079981013901945
Cluster388	-3.494905220101033e-09	1.2040721361003811e-08	0.6141902333348277
Cluster95	-3.824392504892954e-09	1.2766512112771858e-08	0.6177452777227761
Cluster5	-4.092841359197329e-09	1.3650232135093013e-08	0.6178491624305557
Cluster410	-3.5639800023261724e-09	1.1865826547239503e-08	0.6180474398021951
Cluster360	-3.5970905524543758e-09	1.1612087043598877e-08	0.6216325365193797
Cluster312	-3.503100319687475e-09	1.1263044665067818e-08	0.6221095918614556
Cluster57	-4.023384929039858e-09	1.2612966093592064e-08	0.625132196809962
Cluster66	-4.8644595405169085e-09	1.4972768044690146e-08	0.6273667486547368
Cluster425	-4.603646789136009e-09	1.3694340218439708e-08	0.6316292255370458
Cluster276	-4.3159614381822986e-09	1.2774062115421698e-08	0.6322690996287325
Cluster53	-4.0113860129214215e-09	1.1792006777549165e-08	0.6331389086925592
Cluster315	-4.25554615126758e-09	1.2495762520769275e-08	0.6332822534108861
Cluster441	-4.094352070030903e-09	1.1906080040218769e-08	0.6345345526732089
Cluster320	-4.38816104776609e-09	1.2168768563745665e-08	0.6408039227244452
Cluster263	-4.811093620679729e-09	1.323834073053151e-08	0.6418548647327119
Cluster1	-4.855433551073885e-09	1.3314288222722523e-08	0.6423242642427488
Cluster142	-4.455510539801639e-09	1.213302850498257e-08	0.6432731479358851
Cluster165	-4.781261848613634e-09	1.2782378682635047e-08	0.6458168227540904
Cluster354	-4.8145833917997425e-09	1.2776015241359752e-08	0.6468557740723341
Cluster203	-4.234046878234366e-09	1.108318524892823e-08	0.6487783563037731
Cluster395	-5.814968457696023e-09	1.4745863524074244e-08	0.653337100915842
Cluster6	-5.929078836078683e-09	1.4981490448138713e-08	0.6538590588627604
Cluster431	-5.768302712836349e-09	1.4456354489548632e-08	0.6550589349717134
Cluster38	-4.942750124405391e-09	1.1791396614176056e-08	0.662458713053296
Cluster166	-5.338228111090225e-09	1.2692555187894103e-08	0.6629689054910243
Cluster257	-5.559490148909107e-09	1.309252049030938e-08	0.6644471568300498
Cluster181	-6.4468677924343396e-09	1.4568633538325677e-08	0.6709424289932026
Cluster201	-4.694201438633258e-09	1.0580606086095402e-08	0.6713561233130194
Cluster383	-5.2688969150945284e-09	1.1385806810498038e-08	0.6782318272483701
Cluster183	-6.477150772445872e-09	1.3891303297340614e-08	0.6794902349570737
Cluster55	-5.647896058577291e-09	1.2002383331917014e-08	0.6810241344358003
Cluster301	-5.631031161953329e-09	1.1949047898332613e-08	0.6812701566497718
Cluster12	-6.418169256579001e-09	1.3540999192311497e-08	0.6822430854091186
Cluster69	-6.6046013451376964e-09	1.3904512098134303e-08	0.682605439393814
Cluster211	-5.899946880977606e-09	1.241150039561946e-08	0.6827352609052655
Cluster18	-6.542392418179176e-09	1.3317227165304845e-08	0.6883832674157164
Cluster106	-6.352391823880714e-09	1.29098317684711e-08	0.6886609883539354
Cluster357	-5.923110169537736e-09	1.194252577255125e-08	0.6900414925068312
Cluster412	-7.010666653553619e-09	1.398614362394198e-08	0.6919052269413672
Cluster338	-6.348365727124496e-09	1.2401152604574628e-08	0.6956455880423466
Cluster333	-5.945214801811176e-09	1.1319180114304325e-08	0.7002896282031251
Cluster350	-6.436793715429219e-09	1.2215934494772067e-08	0.7008746748269332
Cluster398	-6.454878818425054e-09	1.211460129709431e-08	0.7029202476334323
Cluster368	-6.8043254579899125e-09	1.2766061230698318e-08	0.7029836117034559
Cluster415	-7.518490857777784e-09	1.4012999879545443e-08	0.7042062134888472
Cluster54	-6.389446373933853e-09	1.1872980890325766e-08	0.7047633017499372
Cluster343	-6.459020206505077e-09	1.1755539944132501e-08	0.708649879180975
Cluster2	-6.485535083266715e-09	1.1715150907016858e-08	0.7100744916073858
Cluster72	-7.514752589998766e-09	1.3435186910502419e-08	0.7120329945032234
Cluster83	-7.724582199721368e-09	1.2944492982586933e-08	0.7246617130471451
Cluster74	-8.107301314411612e-09	1.3306315301924103e-08	0.728831304592228
Cluster190	-7.193309179538828e-09	1.1730953266440738e-08	0.7301248094855919
Cluster105	-7.523311525786961e-09	1.2196337549388162e-08	0.7313331847093345
Cluster348	-7.2515639254533915e-09	1.169206764447808e-08	0.7324409809276281
Cluster52	-7.657402429023592e-09	1.2277644509790002e-08	0.7335832893473547
Cluster392	-8.482390097011694e-09	1.3509600460207542e-08	0.7349582905847214
Cluster397	-9.049725389452726e-09	1.4410623531743503e-08	0.7349947072196636
Cluster258	-7.924110330839122e-09	1.2538525011980414e-08	0.7363003733431563
Cluster180	-9.56187926818303e-09	1.5054596910747872e-08	0.7373336664147572
Cluster370	-7.770380945459979e-09	1.2189712211098313e-08	0.7380854217189733
Cluster342	-7.82189776752832e-09	1.2001950054696432e-08	0.7427087382421963
Cluster346	-6.541698454305654e-09	1.0007743464065604e-08	0.743335747197745
Cluster374	-9.192231289036076e-09	1.3995013151467065e-08	0.7443522832565422
Cluster8	-1.0225133342251082e-08	1.4856667604232152e-08	0.7543529940428892
Cluster384	-9.31072424623621e-09	1.3410021446549936e-08	0.75625637597111
Cluster372	-8.496429799219914e-09	1.2019940993894008e-08	0.7601736280620457
Cluster46	-9.238937608395684e-09	1.3068099157619349e-08	0.7602118036711305
Cluster393	-8.916826396659534e-09	1.2526473449371841e-08	0.7617176135972185
Cluster0	-9.697178062303121e-09	1.3558584441345477e-08	0.7627590532966
Cluster103	-9.319289307662206e-09	1.287779898227538e-08	0.7653661208809996
Cluster73	-9.316106232696206e-09	1.2706855637329754e-08	0.7682683266934551
Cluster197	-8.941093825746498e-09	1.2185100596868753e-08	0.7684563506990798
Cluster337	-1.0939436162736858e-08	1.476890808359763e-08	0.7705644955604923
Cluster432	-1.0802586612625805e-08	1.4535080260194772e-08	0.7713220922363249
Cluster318	-9.166477030622925e-09	1.2161978293036012e-08	0.7744851606809411
Cluster71	-1.0871030474493279e-08	1.3999366733282591e-08	0.7812840975817157
Cluster353	-1.0689476404423203e-08	1.3760993435380743e-08	0.7813602545263745
Cluster7	-1.0804614964596603e-08	1.377125313604961e-08	0.7836493284706207
Cluster70	-1.083298524989604e-08	1.3539048042123241e-08	0.7881819756676451
Cluster310	-8.96268690665668e-09	1.104932138396339e-08	0.7913610084433291
Cluster193	-9.489219312936754e-09	1.1602251188091393e-08	0.7932864086810072
Cluster335	-1.0158179627856722e-08	1.2395786314139005e-08	0.793745551421688
Cluster359	-9.515562219740877e-09	1.1529510422551552e-08	0.7954056866154224
Cluster332	-9.17945031961419e-09	1.101532710489777e-08	0.7976719022330105
Cluster331	-1.010138628428148e-08	1.198761417019667e-08	0.8002884321605093
Cluster67	-1.2300558741198692e-08	1.4531935103716213e-08	0.8013491658112076
Cluster390	-1.1499971576817308e-08	1.3559073667146791e-08	0.8018195617729222
Cluster114	-1.2828471200860884e-08	1.5013713807532432e-08	0.8035722123735018
Cluster389	-1.2219966234284592e-08	1.404846957493468e-08	0.8078069600537798
Cluster112	-1.1331355151219941e-08	1.2566320107353963e-08	0.8163983071760703
Cluster303	-1.0342124017951393e-08	1.1426546919457425e-08	0.8172927833224785
Cluster323	-1.0246034003033424e-08	1.1296985164735349e-08	0.8177888415039142
Cluster382	-1.2689930779262193e-08	1.3520151091638028e-08	0.8260303463804044
Cluster411	-1.2238504912404912e-08	1.2974980259302347e-08	0.8272206162854931
Cluster391	-1.2221589700214806e-08	1.2698542161303824e-08	0.8320857800988908
Cluster61	-1.3338535112346321e-08	1.382656016892781e-08	0.8326534038746025
Cluster361	-1.3385355692293247e-08	1.3631122301596416e-08	0.8369427316580853
Cluster385	-1.2658961818384758e-08	1.2678994192253384e-08	0.8409621386482626
Cluster417	-1.2525580440432257e-08	1.2541276807315807e-08	0.8410417116879974
Cluster9	-1.3893760182070053e-08	1.3542953006474342e-08	0.847531416511289
Cluster369	-1.2989848589923692e-08	1.2549427056301412e-08	0.8496877149736741
Cluster65	-1.3432496457676995e-08	1.2906069947239268e-08	0.851013271617777
Cluster48	-1.379502558138939e-08	1.3037881557985418e-08	0.8549888334661353
Cluster298	-1.2235245173675778e-08	1.1560931178697272e-08	0.8550467975524677
Cluster202	-1.1188666681659973e-08	1.0555018197295052e-08	0.8554351868103522
Cluster23	-1.3360008125072383e-08	1.2578783025852903e-08	0.8559063466413324
Cluster182	-1.3189635455837691e-08	1.2378058172385886e-08	0.8566900168969889
Cluster145	-1.3888705855959887e-08	1.2784772852698789e-08	0.8613373573781269
Cluster170	-1.3179921602381892e-08	1.2016100791757296e-08	0.8636476334873636
Cluster314	-1.682720354598713e-08	1.525024208621396e-08	0.8650744816723875
Cluster236	-1.3795979191236706e-08	1.2423602576587985e-08	0.8666007071196116
Cluster63	-1.487243454072701e-08	1.3141900222106414e-08	0.8711156459304177
Cluster68	-1.5797225726357e-08	1.3880886909611206e-08	0.8724514366667606
Cluster189	-1.3268966007046479e-08	1.1607642477957487e-08	0.8735062890624715
Cluster44	-1.4728732614295236e-08	1.2801138753471667e-08	0.8750474416402798
Cluster204	-1.2964225276159257e-08	1.1265070396401757e-08	0.8750997191856796
Cluster16	-1.58173601928533e-08	1.3470416309181003e-08	0.8798484433070954
Cluster356	-1.4756131614890312e-08	1.2495602650001075e-08	0.8811799578368518
Cluster396	-1.4714798766183053e-08	1.2204279608192433e-08	0.8860349694430827
Cluster10	-1.5834356188540937e-08	1.3090252808133556e-08	0.8867894567974903
Cluster367	-1.5284767430103044e-08	1.2561582984498695e-08	0.8881573140896756
Cluster336	-1.623922252863004e-08	1.3246234607072264e-08	0.8898912715453098
Cluster352	-1.5187991332060722e-08	1.2347739440012743e-08	0.8906555692842619
Cluster194	-1.5364799971427803e-08	1.2347362506225033e-08	0.8933199662834135
Cluster340	-1.723194214616519e-08	1.3548925797485754e-08	0.8982833917132828
Cluster43	-1.5747957402228795e-08	1.2331302934026047e-08	0.8992115239293897
Cluster15	-1.496241517953448e-08	1.1642419247570605e-08	0.9006324659380855
Cluster131	-1.6204104577591936e-08	1.2531683869224793e-08	0.9020032650585754
Cluster20	-1.467602216664398e-08	1.1250027116103714e-08	0.9039738990285487
Cluster13	-1.6084389432999426e-08	1.225427587097854e-08	0.9053332316674687
Cluster317	-1.4712838786379797e-08	1.120284124195964e-08	0.9054612763726115
Cluster358	-1.5212574494717013e-08	1.1550172973169571e-08	0.906095149343202
Cluster84	-1.6306880735956792e-08	1.2192258090202552e-08	0.9094667210425409
Cluster49	-1.790684097193876e-08	1.3262389109416778e-08	0.9115236359478516
Cluster379	-1.691738722717278e-08	1.2463891365716174e-08	0.9126589253548139
Cluster107	-1.7062467739169602e-08	1.2559196238454513e-08	0.9128575530703296
Cluster373	-1.891097866360258e-08	1.385165379099895e-08	0.9139128503460443
Cluster341	-1.608902377928671e-08	1.1678768400266321e-08	0.9158412505351332
Cluster345	-1.65337361942776e-08	1.1816946604878854e-08	0.91911669885585
Cluster299	-1.4001348075674502e-08	9.952609725213732e-09	0.920256897767202
Cluster119	-1.7988691749196192e-08	1.2493223806800842e-08	0.9250487423164613
Cluster330	-1.6465583102188413e-08	1.1287835705767873e-08	0.9276763612231124
Cluster187	-1.860454491719455e-08	1.2678705583245613e-08	0.9288643507568475
Cluster365	-1.817999449229634e-08	1.2172049190934303e-08	0.9323579860749792
Cluster64	-1.8868871018603494e-08	1.2606590546033197e-08	0.9327703917311035
Cluster327	-1.6286069476330397e-08	1.0789909798537105e-08	0.9343990952965286
Cluster366	-1.7521662545147448e-08	1.1574611514170224e-08	0.9349618850349319
Cluster302	-1.8480695767303715e-08	1.2021189928712089e-08	0.9378953680639752
Cluster326	-1.6340129532642856e-08	1.0622800001771092e-08	0.9380017337343465
Cluster355	-1.9491653186526616e-08	1.2476166947795468e-08	0.9408926321251652
Cluster347	-1.732835829349397e-08	1.1026426071802499e-08	0.9419701929031836
Cluster50	-2.076356415836166e-08	1.316883897904225e-08	0.9425699500716656
Cluster408	-1.7631652389414633e-08	1.0535636711055256e-08	0.9528880143672962
Cluster349	-2.053976984920155e-08	1.2209181857059574e-08	0.9537467485554321
Cluster362	-2.2494585160962823e-08	1.3148210690824227e-08	0.9564453782659827
Cluster351	-2.125883854407824e-08	1.1797813163631966e-08	0.9642218240424252
Cluster413	-2.372039275817459e-08	1.228342677973633e-08	0.9732639886379645
Cluster344	-2.265384681893714e-08	1.1724415564200256e-08	0.9733322246918173
Cluster17	-2.3805212404409076e-08	1.2119207372796747e-08	0.975249730196862
Cluster191	-2.117178807047931e-08	1.0705073228770954e-08	0.9760206428162994
Cluster29	-2.451645068653512e-08	1.1941219767690441e-08	0.9799682854733326
Cluster75	-2.710605648610987e-08	1.2889558253112613e-08	0.9822647939870749
Cluster205	-2.3448440316868372e-08	1.097307558646208e-08	0.9836972153666297
Cluster79	-2.1940645421806877e-08	1.0224443269521583e-08	0.98405957030034
Cluster324	-2.2353781645055303e-08	1.0413580918292552e-08	0.9840873873665726
Cluster325	-2.261568268076288e-08	1.0520670092788148e-08	0.9842082597751487
Cluster199	-2.356315487527491e-08	1.0471719036251476e-08	0.9877809428127104
Cluster339	-2.5862872093584022e-08	1.1422739806975046e-08	0.9882177585811828
Cluster28	-2.8937219633864755e-08	1.2485968921655802e-08	0.9897638942809344
Cluster184	-2.9628191768230458e-08	1.1773077006943437e-08	0.9940754310488831
Cluster380	-3.1419891694653025e-08	1.2407385753667517e-08	0.9943350212687445
Cluster322	-2.837085690643112e-08	1.1171640668842906e-08	0.9944501229747865
Cluster78	-2.6480439416404087e-08	1.0155337419089614e-08	0.9954402173008366
Cluster77	-2.6191975147249868e-08	9.88085330913423e-09	0.9959847016061696
Cluster80	-2.6709971452354325e-08	1.0063330485852586e-08	0.9960250244852993
Cluster81	-2.7129650597809295e-08	1.0148599993040774e-08	0.9962438836848273
Cluster26	-3.266343030880515e-08	1.1741068034507147e-08	0.997298591349807
Cluster19	-3.083607394479714e-08	1.0906977355864237e-08	0.9976520614443044
Cluster24	-3.33207586090613e-08	1.1083523713679459e-08	0.9986779019778246
Cluster316	-3.415336074561801e-08	1.0941064497437265e-08	0.9991005699425909
Cluster76	-3.7449526669413734e-08	1.1360955569699955e-08	0.9995102260422661
Cluster31	-3.546918888940903e-08	1.074114122400463e-08	0.999520318720215
Cluster82	-3.5634409009026514e-08	1.0560715014124714e-08	0.9996299037855695
Cluster25	-3.930694676769174e-08	1.1590990687925191e-08	0.9996520173994222
Cluster27	-3.9502583384736323e-08	1.091591367368595e-08	0.9998520177980015
Cluster30	-3.816574812865602e-08	1.045262779437785e-08	0.9998695451958192
